##[Gaussian Mapper]keyframe id, dssim
0 0.8307320476
1 0.8485231996
2 0.8518373966
3 0.8381652236
4 0.8342169523
5 0.8236355186
6 0.8241433501
7 0.8081718087
8 0.8300909400
9 0.8184965253
10 0.8420282006
11 0.8551217914
12 0.8707467318
13 0.8700113893
14 0.8599762917
15 0.8847049475
16 0.8612494469
17 0.8389990330
18 0.8611903191
19 0.8499213457
20 0.8452705145
21 0.8420761228
22 0.8168929219
23 0.8084552288
24 0.8183450103
25 0.8396173120
26 0.8519261479
27 0.8473836184
28 0.8492347598
29 0.8371268511
30 0.8403784037
31 0.8386013508
32 0.8258324265
33 0.8338369727
34 0.8354170918
35 0.8149456382
36 0.7956826687
37 0.7757393122
38 0.8293472528
39 0.8187124729
40 0.8306866884
41 0.8352060914
42 0.8373841047
43 0.7893607020
44 0.8164782524
45 0.8321759105
46 0.8370324969
47 0.8273584247
48 0.8293463588
49 0.8220524788
50 0.8100173473
51 0.8340187073
52 0.8573665619
53 0.8576158285
54 0.8448225856
55 0.8292652369
56 0.8558029532
57 0.8644099236
58 0.8629166484
59 0.8617050052
60 0.8713479042
61 0.8485268354
62 0.8569724560
63 0.8710458279
64 0.8538115025
65 0.8286443949
66 0.8189856410
67 0.8142735362
68 0.8836993575
69 0.8809612989
70 0.8931657076
71 0.8991057277
72 0.8642936349
73 0.8226137757
74 0.8653289676
75 0.9077270627
76 0.8954920769
77 0.9119722843
78 0.9050475359
79 0.9084990025
80 0.9124717712
81 0.9124739766
82 0.9071214199
83 0.8985982537
84 0.8963935971
85 0.8878456950
86 0.8537924886
87 0.8359805346
88 0.8140764236
89 0.7921433449
90 0.8007774353
91 0.7718167901
92 0.8317018151
93 0.8385779262
94 0.8767849207
95 0.8862895370
96 0.8549792171
97 0.8833105564
98 0.8924047947
99 0.9144566655
100 0.8504553437
101 0.9023005962
102 0.8894133568
103 0.8977475762
104 0.8967683911
105 0.9142770767
106 0.8900814056
107 0.8719430566
108 0.8663568497
109 0.8822205067
110 0.8862366080
111 0.8840966821
112 0.8782120943
113 0.8725508451
114 0.8741136789
115 0.8732675314
116 0.8771151900
117 0.8687896132
118 0.8259063959
119 0.8309530616
120 0.8290992975
121 0.8452544212
122 0.8526024222
123 0.8691561818
124 0.8935789466
125 0.8955433369
126 0.8328241706
127 0.8674985766
128 0.8614047170
129 0.8137666583
130 0.8074334264
131 0.8170080781
132 0.7555977702
133 0.7751755118
134 0.8246340752
135 0.8597607613
136 0.8751013875
137 0.8525520563
138 0.8576061726
139 0.8358261585
140 0.8120054007
141 0.7628458738
142 0.7632776499
143 0.7959932089
144 0.7806345224
145 0.7995827794
146 0.7974421978
147 0.7187762260
148 0.7621731162
149 0.7698698044
150 0.7771493196
151 0.7682510614
152 0.7801133990
153 0.7776718736
154 0.7858580351
155 0.7977475524
156 0.7800215483
157 0.7735667229
158 0.7877241373
159 0.7644317746
160 0.7589691877
161 0.7693762779
162 0.7994791865
163 0.7697234750
164 0.7773626447
165 0.8047471642
166 0.8293965459
167 0.8001502156
168 0.8157802820
169 0.7599779367
170 0.7237605453
171 0.7535163760
172 0.7781419754
173 0.8175683618
174 0.8301923275
175 0.8456092477
176 0.8182297945
177 0.8202056289
178 0.8301728964
179 0.8108962774
180 0.8173804879
181 0.8335579634
182 0.8455537558
183 0.8295534253
184 0.8243309855
185 0.8188666701
186 0.8133872151
187 0.8162935972
188 0.8143472672
189 0.8270474076
190 0.8222737908
191 0.8361333609
192 0.8532698750
193 0.8594806790
194 0.8592720032
195 0.8450703621
196 0.8431437016
197 0.8581063747
198 0.8513672948
199 0.8238787651
200 0.8520972729
201 0.8241843581
202 0.8426085114
203 0.8415156603
204 0.8505014777
205 0.8673394322
206 0.8616786003
207 0.8479548097
208 0.8703902364
209 0.8627638221
210 0.8875193596
211 0.8863988519
212 0.9076690674
213 0.8808760047
214 0.8894578218
215 0.8995406628
216 0.8723192215
217 0.8587776423
218 0.8615350127
219 0.8651003838
220 0.8469685912
221 0.8414264917
222 0.8228135109
223 0.8374931216
224 0.8169377446
225 0.8025479317
226 0.8360478878
227 0.8270000815
228 0.8189007044
229 0.8164920807
230 0.8073151112
231 0.7578689456
232 0.7985532284
233 0.8306573629
234 0.7624917030
235 0.7743077278
236 0.8109270334
237 0.8031674027
238 0.8290864825
239 0.8507503867
240 0.8406355977
241 0.8313245773
242 0.8585178852
243 0.8504549861
244 0.8401613832
245 0.8481016755
246 0.8645804524
247 0.8458629251
248 0.8402702808
249 0.8336552382
250 0.8021907806
251 0.8044393063
252 0.7821180820
253 0.7803235054
254 0.7671695948
255 0.7484756708
256 0.7464076877
257 0.7534976006
258 0.7547371387
259 0.7729457617
260 0.7551860213
261 0.7453597188
262 0.7291970253
263 0.7362940311
264 0.7573549747
265 0.7841863632
266 0.7710273862
267 0.7669471502
268 0.7393558025
269 0.7297822833
270 0.7395498753
271 0.7146834135
272 0.7437286973
273 0.8030864000
274 0.7979400158
275 0.8252036572
276 0.7766743302
277 0.7305742502
278 0.7813659310
279 0.7694978118
280 0.7544526458
281 0.7519838810
282 0.7607550025
283 0.7647157311
284 0.7755023837
285 0.7837672830
286 0.7588105798
287 0.8004958630
288 0.8178625703
289 0.8206337690
290 0.8076621890
291 0.7802725434
292 0.7744761109
293 0.7696036100
294 0.7846235037
295 0.8007195592
296 0.8249678016
297 0.8086974621
298 0.8147789240
299 0.8110881448
300 0.8118306994
301 0.8068443537
302 0.8042999506
303 0.7979656458
304 0.7974641919
305 0.7985962033
306 0.7912991047
307 0.7938781977
308 0.7990019321
309 0.8187091351
310 0.8193153143
311 0.8047303557
312 0.7905436158
313 0.7972698808
314 0.8007293344
315 0.8024927378
316 0.8122927547
317 0.8134206533
318 0.8026285768
319 0.8073076010
320 0.8113604784
321 0.8153747320
322 0.8032195568
323 0.8002546430
324 0.8123697639
325 0.7843005061
326 0.8345695734
327 0.8214261532
328 0.8243034482
329 0.8017683029
330 0.8107193112
331 0.8108950257
332 0.7875459194
333 0.7730798125
334 0.8219501376
335 0.8225556016
336 0.7883089185
337 0.7610253692
338 0.7847365141
339 0.8196152449
340 0.7976332903
341 0.8014652133
342 0.8187498450
343 0.7670456171
344 0.7543504238
345 0.7470951676
346 0.7908669710
347 0.7910709381
348 0.7756593823
349 0.7612990141
350 0.7628952265
351 0.7623460293
352 0.7485594749
353 0.7642582655
354 0.7883307338
355 0.7430594563
356 0.7449303865
357 0.7776622772
358 0.7403098941
359 0.7284789085
360 0.7409677505
361 0.7298921943
362 0.7242510915
363 0.7318281531
364 0.7520539165
365 0.7525632381
366 0.7376206517
367 0.7255546451
368 0.7426582575
369 0.7475498915
370 0.7472619414
371 0.7510280013
372 0.7247522473
373 0.7204053402
374 0.7233440280
375 0.7357521653
376 0.7185449004
377 0.7109797001
378 0.6969429255
379 0.7031044960
380 0.6979396939
381 0.7048557997
382 0.7043091059
383 0.6997651458
384 0.7037540674
385 0.6969112158
386 0.7025402188
387 0.6949489713
388 0.7234106660
389 0.7114918232
390 0.7255327702
391 0.7280111313
392 0.7388812304
393 0.7569064498
394 0.7629414201
395 0.7570998669
396 0.7488096952
397 0.7367773056
398 0.7309448123
399 0.7306296825
400 0.7293066382
401 0.7310325503
402 0.7358653545
403 0.7319786549
404 0.7624636292
405 0.7755564451
406 0.7722337842
407 0.7775978446
408 0.7540008426
409 0.7729188204
410 0.7600510120
411 0.7571107745
412 0.7521842718
413 0.7582384944
414 0.7716840506
415 0.7909454703
416 0.7958412766
417 0.8195856214
418 0.8198115826
419 0.8075813055
420 0.8350924253
421 0.8370245695
422 0.8281932473
423 0.7847880721
424 0.7857738137
425 0.8107275367
426 0.8030433655
427 0.7945547700
428 0.8067130446
429 0.7927730083
430 0.8032968044
431 0.7956507802
432 0.7889860868
433 0.7967389822
434 0.7930004001
435 0.7806710005
436 0.7816711664
437 0.8102483153
438 0.8263997436
439 0.8231671453
440 0.7812609673
441 0.8362472653
442 0.8302170038
443 0.7700938582
444 0.7977039814
445 0.7793070078
446 0.7789059877
447 0.7386978269
448 0.7818238139
449 0.7913420200
450 0.8156163096
451 0.8228072524
452 0.8000918627
453 0.7837803960
454 0.7861494422
455 0.8024448156
456 0.8216729760
457 0.8113949299
458 0.8214234114
459 0.8450598717
460 0.8425426483
461 0.8382127285
462 0.8670757413
463 0.8898780942
464 0.8991789818
465 0.8927631378
466 0.8942729831
467 0.8640317321
468 0.8452757597
469 0.8362561464
470 0.8335139155
471 0.8109416366
472 0.8113679886
473 0.7919874787
474 0.7465561628
475 0.7516594529
476 0.7218802571
477 0.8036168814
478 0.8250285983
479 0.8192784190
480 0.8396556973
481 0.8119518757
482 0.8030731082
483 0.7982496023
484 0.7970039248
485 0.7715643048
486 0.7601879835
487 0.7370855808
488 0.7599357367
489 0.8146115541
490 0.7984132767
491 0.7901027203
492 0.7910397053
493 0.7175520658
494 0.7494069338
495 0.7493656278
496 0.7512010932
497 0.7649700046
498 0.7876330018
499 0.8238825798
500 0.8318007588
501 0.7994638085
502 0.7858566642
503 0.7509021163
504 0.6554407477
505 0.7050323486
506 0.7065157294
507 0.7015402317
508 0.7401091456
509 0.7471765280
510 0.7435401082
511 0.7450896502
512 0.7501042485
513 0.7535754442
514 0.7525563240
515 0.7541526556
516 0.7552816272
517 0.7565447092
518 0.7860940099
519 0.7614058852
520 0.7644710541
521 0.7647950053
522 0.7628927231
523 0.7669422030
524 0.7873811722
525 0.7777239084
526 0.7722430825
527 0.7682140470
528 0.7553240061
529 0.7244773507
530 0.7380570769
531 0.7444539666
532 0.7906599045
