##[Gaussian Mapper]keyframe id, psnr
0 24.1543388367
1 24.7590465546
2 25.0430393219
3 24.7068977356
4 24.8411846161
5 24.3909740448
6 24.0870323181
7 24.0794734955
8 25.1601219177
9 24.3952560425
10 24.8581199646
11 25.2428340912
12 25.8944206238
13 25.8226318359
14 25.6526145935
15 26.5070495605
16 25.4698219299
17 24.0766830444
18 25.2053146362
19 25.1303501129
20 24.9935150146
21 25.1897220612
22 24.2774944305
23 23.8839626312
24 23.7700748444
25 24.5966815948
26 24.7868156433
27 24.3712463379
28 24.5765533447
29 24.2535190582
30 24.0903835297
31 23.8660278320
32 23.2576980591
33 23.7948322296
34 24.4825210571
35 23.8695907593
36 22.8502197266
37 21.0210456848
38 23.6936035156
39 23.3941993713
40 24.0003623962
41 24.1784458160
42 23.6448383331
43 21.5888614655
44 22.5383491516
45 22.9519309998
46 23.2751731873
47 22.8707885742
48 22.9957294464
49 22.9919853210
50 22.4668464661
51 22.8680191040
52 23.6711006165
53 23.8323040009
54 22.9876537323
55 22.3145008087
56 23.6591930389
57 24.3965682983
58 24.5460910797
59 24.3096961975
60 24.7316741943
61 23.8692283630
62 24.1997108459
63 24.7727108002
64 24.1329154968
65 22.8698310852
66 22.3900871277
67 22.0977497101
68 25.2933673859
69 24.8892135620
70 25.5790519714
71 26.1394977570
72 24.0626258850
73 22.5776691437
74 23.7256050110
75 26.3855628967
76 25.4325103760
77 26.6378326416
78 26.3543014526
79 26.5788459778
80 26.7728385925
81 27.0516986847
82 27.1265373230
83 26.8698501587
84 27.0229988098
85 26.6198234558
86 25.5980587006
87 25.2466545105
88 20.3960418701
89 19.8188476562
90 21.7992630005
91 21.1597213745
92 23.9995079041
93 26.5540657043
94 28.7476139069
95 28.7603530884
96 27.1154785156
97 28.2123756409
98 29.0274715424
99 30.0786705017
100 26.2969436646
101 28.1501407623
102 28.2297286987
103 27.7158126831
104 27.9479904175
105 28.7564105988
106 26.9377746582
107 25.5230617523
108 24.9451446533
109 25.0342979431
110 25.2946319580
111 24.8884925842
112 23.8601264954
113 22.9983730316
114 23.4516944885
115 23.6788539886
116 24.0008888245
117 23.7705307007
118 22.3413486481
119 22.3946266174
120 21.9760875702
121 22.3736343384
122 22.4540309906
123 23.3954257965
124 24.6288204193
125 24.6291904449
126 21.8459682465
127 23.4607715607
128 22.7547283173
129 20.9878730774
130 20.9397220612
131 21.4251327515
132 19.4761180878
133 20.0540351868
134 21.6856670380
135 23.1218910217
136 23.7903099060
137 23.3525428772
138 23.3570861816
139 22.6576766968
140 21.1563663483
141 19.6571846008
142 19.6379814148
143 20.5866641998
144 19.8295707703
145 21.2508487701
146 20.9459037781
147 18.2774810791
148 20.0259017944
149 20.1852893829
150 20.5274887085
151 20.0689601898
152 20.3978424072
153 20.2472095490
154 19.8439044952
155 22.2783317566
156 22.3259143829
157 21.5848159790
158 22.3710327148
159 21.9601745605
160 22.2441596985
161 20.8356685638
162 20.6908531189
163 21.1315898895
164 22.1448402405
165 22.7658634186
166 25.0169372559
167 24.1958580017
168 23.8842468262
169 21.7457790375
170 21.1903686523
171 21.8174934387
172 22.7316703796
173 23.5169315338
174 23.9325447083
175 24.5425758362
176 23.5461578369
177 23.4752063751
178 23.5139236450
179 22.9167137146
180 23.0289936066
181 23.1395187378
182 22.9933471680
183 22.6441726685
184 22.3923797607
185 22.1809539795
186 21.7757339478
187 21.0563812256
188 21.2589855194
189 21.8580608368
190 21.8915081024
191 22.0881671906
192 23.5994510651
193 24.3899364471
194 24.3101863861
195 23.8325023651
196 23.8392658234
197 24.7999649048
198 24.4081916809
199 23.5263633728
200 24.3181705475
201 23.1531715393
202 23.3870658875
203 23.6752605438
204 24.2616271973
205 25.0828399658
206 25.5006599426
207 25.4413623810
208 25.9860992432
209 26.2698345184
210 26.6954517365
211 27.2506141663
212 27.8018798828
213 28.1550254822
214 28.2180747986
215 28.5921516418
216 27.5172615051
217 25.7319793701
218 25.4704189301
219 26.5553779602
220 26.5109710693
221 26.6077823639
222 26.0969467163
223 23.6048679352
224 22.9895286560
225 22.5113315582
226 23.2036361694
227 22.8259162903
228 22.1733112335
229 22.4362010956
230 22.0507926941
231 20.5227546692
232 21.9461822510
233 22.8216476440
234 21.1960582733
235 21.2391700745
236 22.4687309265
237 23.0268554688
238 23.9641017914
239 24.8092155457
240 24.4972648621
241 24.2664031982
242 24.8625640869
243 24.6492309570
244 24.4007797241
245 24.5748806000
246 25.1859855652
247 24.4548530579
248 23.8284282684
249 23.4728546143
250 22.0384635925
251 22.0232372284
252 21.3177261353
253 21.2913665771
254 20.8374481201
255 20.3863544464
256 20.3523235321
257 20.6428871155
258 20.8172817230
259 21.1610641479
260 20.7190723419
261 20.4491329193
262 19.9126548767
263 20.1588153839
264 20.8930740356
265 21.1379966736
266 20.8823165894
267 20.3107566833
268 19.2974739075
269 19.1275768280
270 18.8136196136
271 18.1568508148
272 19.1870841980
273 21.1934432983
274 23.9723281860
275 23.1080799103
276 21.6280193329
277 21.3798694611
278 22.2864875793
279 22.0844879150
280 22.2816009521
281 22.4762306213
282 22.8124141693
283 23.0785903931
284 23.9072532654
285 24.1568546295
286 23.6692829132
287 24.8900241852
288 25.6047229767
289 25.1719188690
290 24.8855895996
291 24.0780906677
292 23.5647277832
293 22.6610984802
294 24.5800209045
295 25.2488727570
296 25.9944648743
297 25.2379188538
298 25.2249069214
299 25.7025165558
300 25.7522029877
301 25.4027862549
302 24.9734783173
303 24.5774669647
304 24.5566654205
305 24.4182949066
306 24.3315200806
307 24.4459800720
308 24.9140586853
309 25.2299919128
310 25.4717845917
311 25.3146343231
312 24.8567848206
313 24.7093200684
314 24.7934818268
315 24.9875736237
316 24.1976890564
317 24.1415290833
318 24.4261913300
319 24.6994953156
320 24.4015159607
321 24.5440654755
322 24.6700515747
323 24.9068069458
324 25.5264053345
325 25.2691173553
326 25.2736587524
327 25.1331996918
328 25.1944580078
329 25.1531009674
330 25.0201587677
331 25.0799980164
332 24.1356353760
333 22.9108257294
334 24.4255561829
335 23.8489437103
336 23.9451217651
337 23.3264884949
338 23.4912986755
339 24.0112209320
340 24.8057479858
341 25.1289939880
342 23.9101257324
343 22.2320556641
344 21.8436450958
345 22.7672691345
346 23.1902904510
347 23.6205482483
348 24.0437240601
349 23.4582996368
350 22.9839305878
351 23.1143188477
352 23.2233791351
353 23.4429149628
354 24.0932312012
355 23.4035854340
356 23.1237049103
357 23.2349033356
358 22.0968933105
359 21.1905498505
360 21.7759208679
361 21.5342826843
362 21.2309875488
363 21.5192508698
364 21.4811744690
365 20.6645278931
366 19.4121589661
367 19.2883625031
368 19.4729232788
369 19.5837364197
370 19.4366760254
371 19.4270534515
372 19.2046470642
373 19.1110706329
374 19.0835647583
375 19.1087112427
376 18.6104545593
377 18.3270244598
378 18.0233707428
379 17.9909687042
380 17.7224292755
381 17.6430091858
382 17.5205860138
383 17.4234828949
384 17.3168029785
385 17.1671276093
386 17.0564804077
387 16.7541503906
388 17.2459239960
389 17.0967140198
390 17.9257850647
391 18.1261997223
392 18.4915180206
393 18.5687942505
394 17.9512405396
395 17.0101318359
396 16.5534591675
397 16.8077621460
398 15.6953916550
399 15.2471923828
400 15.6526556015
401 15.9013223648
402 15.5354824066
403 14.2644748688
404 16.1255111694
405 17.3411521912
406 17.4061222076
407 17.6889724731
408 16.6478729248
409 16.9862060547
410 15.8655023575
411 15.4956293106
412 15.2499313354
413 15.3083992004
414 15.7633123398
415 16.3238334656
416 16.0368347168
417 18.5642452240
418 17.6499099731
419 17.1710891724
420 19.2205276489
421 20.3494796753
422 20.1837959290
423 19.4417800903
424 19.7152938843
425 20.4172058105
426 19.8838195801
427 19.9208335876
428 19.9106330872
429 19.6512680054
430 20.7155418396
431 20.8457736969
432 20.9288444519
433 20.8017902374
434 20.7843761444
435 21.2885131836
436 21.5018692017
437 22.2079257965
438 22.8653621674
439 22.9487018585
440 22.2262401581
441 22.2255783081
442 22.4454879761
443 22.5892848969
444 22.6382236481
445 22.0272712708
446 22.3266296387
447 21.6754817963
448 21.5737419128
449 20.5792121887
450 21.0220928192
451 20.5959625244
452 19.6975917816
453 19.2164077759
454 18.8586845398
455 18.6534214020
456 18.3963127136
457 17.8071670532
458 18.6860427856
459 18.8216342926
460 17.8928070068
461 18.2327899933
462 19.1444816589
463 20.1306076050
464 20.4165287018
465 19.0335369110
466 19.4739761353
467 19.2352638245
468 18.7953796387
469 18.1757793427
470 17.8455924988
471 17.2840156555
472 17.4945564270
473 16.7755393982
474 16.1962375641
475 16.7831287384
476 16.9373493195
477 17.7626876831
478 17.5174541473
479 18.6654586792
480 18.9508991241
481 17.0516452789
482 15.9961881638
483 16.1204490662
484 17.0027942657
485 16.4989299774
486 16.7470760345
487 16.8666801453
488 16.2083148956
489 18.2103672028
490 16.7124691010
491 16.0190734863
492 16.4462394714
493 16.3323764801
494 17.2643489838
495 18.7294425964
496 19.6034107208
497 19.7479381561
498 19.9314212799
499 19.2676239014
500 18.4689102173
501 17.1318111420
502 17.9480075836
503 16.2870674133
504 14.2395782471
505 14.8950300217
506 14.6929216385
507 14.4302549362
508 19.5407371521
509 19.9161605835
510 19.9928932190
511 20.1511783600
512 20.3553276062
513 20.6326847076
514 20.7662868500
515 20.7726135254
516 20.8389968872
517 20.8965969086
518 21.5507106781
519 21.4303989410
520 21.3149261475
521 21.4022789001
522 21.4740600586
523 21.3059768677
524 21.6370868683
525 21.7120571136
526 21.0477657318
527 20.1250801086
528 19.2375583649
529 17.8896465302
530 19.1754798889
531 19.0034847260
532 21.1943264008
