##[Gaussian Mapper]keyframe id, psnr_gaussian_splatting
0 24.1567611694
1 24.7620429993
2 25.0464267731
3 24.7110748291
4 24.8449897766
5 24.3938407898
6 24.0908832550
7 24.0818367004
8 25.1629219055
9 24.3981170654
10 24.8603286743
11 25.2444992065
12 25.8971366882
13 25.8257293701
14 25.6552467346
15 26.5093078613
16 25.4729557037
17 24.0795783997
18 25.2079162598
19 25.1330604553
20 24.9958992004
21 25.1926841736
22 24.2808303833
23 23.8868141174
24 23.7720909119
25 24.5986862183
26 24.7897434235
27 24.3743515015
28 24.5800361633
29 24.2567157745
30 24.0941085815
31 23.8700294495
32 23.2644119263
33 23.8011455536
34 24.4850540161
35 23.8721694946
36 22.8532676697
37 21.0242366791
38 23.6971931458
39 23.3965110779
40 24.0029678345
41 24.1798954010
42 23.6471786499
43 21.5909290314
44 22.5406303406
45 22.9548835754
46 23.2777576447
47 22.8736877441
48 22.9985980988
49 22.9948501587
50 22.4702644348
51 22.8718032837
52 23.6737041473
53 23.8349494934
54 22.9908943176
55 22.3185749054
56 23.6624412537
57 24.4006538391
58 24.5504169464
59 24.3141136169
60 24.7358283997
61 23.8726692200
62 24.2018661499
63 24.7749729156
64 24.1348838806
65 22.8723602295
66 22.3925285339
67 22.1004486084
68 25.2956562042
69 24.8928241730
70 25.5808811188
71 26.1420669556
72 24.0651664734
73 22.5795707703
74 23.7277259827
75 26.3880367279
76 25.4367790222
77 26.6412506104
78 26.3577651978
79 26.5827445984
80 26.7770271301
81 27.0563697815
82 27.1291351318
83 26.8742351532
84 27.0287208557
85 26.6277580261
86 25.6047611237
87 25.2530326843
88 20.3992252350
89 19.8224143982
90 21.8022327423
91 21.1618423462
92 24.0032005310
93 26.5562458038
94 28.7491455078
95 28.7608127594
96 27.1190929413
97 28.2144355774
98 29.0294876099
99 30.0810623169
100 26.3008289337
101 28.1548957825
102 28.2342224121
103 27.7197647095
104 27.9548416138
105 28.7663040161
106 26.9485759735
107 25.5269622803
108 24.9489364624
109 25.0382518768
110 25.2977828979
111 24.8913345337
112 23.8638782501
113 23.0039405823
114 23.4568557739
115 23.6823234558
116 24.0035209656
117 23.7735729218
118 22.3441162109
119 22.3973445892
120 21.9793891907
121 22.3759460449
122 22.4565544128
123 23.3985671997
124 24.6301460266
125 24.6328716278
126 21.8502311707
127 23.4651908875
128 22.7584037781
129 20.9914207458
130 20.9430427551
131 21.4290847778
132 19.4789657593
133 20.0581130981
134 21.6912612915
135 23.1302452087
136 23.7978477478
137 23.3601570129
138 23.3659267426
139 22.6641960144
140 21.1623344421
141 19.6607551575
142 19.6410579681
143 20.5889415741
144 19.8314762115
145 21.2530441284
146 20.9480075836
147 18.2848720551
148 20.0337677002
149 20.1922378540
150 20.5313339233
151 20.0713996887
152 20.4012680054
153 20.2501335144
154 19.8465919495
155 22.2797470093
156 22.3281955719
157 21.5875205994
158 22.3740959167
159 21.9645080566
160 22.2489662170
161 20.8443641663
162 20.6952171326
163 21.1335353851
164 22.1466865540
165 22.7693786621
166 25.0193443298
167 24.1969470978
168 23.8882808685
169 21.7518501282
170 21.1913661957
171 21.8179855347
172 22.7328491211
173 23.5182838440
174 23.9358711243
175 24.5458221436
176 23.5479316711
177 23.4765930176
178 23.5153160095
179 22.9187011719
180 23.0309314728
181 23.1417541504
182 22.9959373474
183 22.6485290527
184 22.3981170654
185 22.1912803650
186 21.7879447937
187 21.0695686340
188 21.2648963928
189 21.8625164032
190 21.8948974609
191 22.0931434631
192 23.6061496735
193 24.3954067230
194 24.3167514801
195 23.8393955231
196 23.8448905945
197 24.8044815063
198 24.4134292603
199 23.5349254608
200 24.3256855011
201 23.1597614288
202 23.3937721252
203 23.6812191010
204 24.2663841248
205 25.0883197784
206 25.5041408539
207 25.4443073273
208 25.9882736206
209 26.2710227966
210 26.6962890625
211 27.2513160706
212 27.8029861450
213 28.1555557251
214 28.2186508179
215 28.5935211182
216 27.5191535950
217 25.7338237762
218 25.4730396271
219 26.5569972992
220 26.5135002136
221 26.6102790833
222 26.0988521576
223 23.6087627411
224 22.9931068420
225 22.5148868561
226 23.2066230774
227 22.8281822205
228 22.1764659882
229 22.4402980804
230 22.0548667908
231 20.5306205750
232 21.9503326416
233 22.8257369995
234 21.1994209290
235 21.2426662445
236 22.4719715118
237 23.0297241211
238 23.9655590057
239 24.8101806641
240 24.4995784760
241 24.2688713074
242 24.8643512726
243 24.6532554626
244 24.4045867920
245 24.5767631531
246 25.1869964600
247 24.4563140869
248 23.8304042816
249 23.4757537842
250 22.0431251526
251 22.0281391144
252 21.3216171265
253 21.2951946259
254 20.8430709839
255 20.3916244507
256 20.3586654663
257 20.6498317719
258 20.8254280090
259 21.1694316864
260 20.7247695923
261 20.4551334381
262 19.9172935486
263 20.1639709473
264 20.8987617493
265 21.1409111023
266 20.8861808777
267 20.3198394775
268 19.3038158417
269 19.1346626282
270 18.8215904236
271 18.1646938324
272 19.1935577393
273 21.1959877014
274 23.9758949280
275 23.1098136902
276 21.6307754517
277 21.3822841644
278 22.2922210693
279 22.0895042419
280 22.2832641602
281 22.4783935547
282 22.8149986267
283 23.0801162720
284 23.9083843231
285 24.1596107483
286 23.6702690125
287 24.8903274536
288 25.6052303314
289 25.1724395752
290 24.8868274689
291 24.0794334412
292 23.5659008026
293 22.6614303589
294 24.5810317993
295 25.2506179810
296 25.9973144531
297 25.2414226532
298 25.2274360657
299 25.7049789429
300 25.7543182373
301 25.4051246643
302 24.9746513367
303 24.5782508850
304 24.5572681427
305 24.4190444946
306 24.3322849274
307 24.4474296570
308 24.9155902863
309 25.2318572998
310 25.4763755798
311 25.3194770813
312 24.8598289490
313 24.7122364044
314 24.7953872681
315 24.9900798798
316 24.1999244690
317 24.1440429688
318 24.4277915955
319 24.7006454468
320 24.4024810791
321 24.5454483032
322 24.6712493896
323 24.9076061249
324 25.5275764465
325 25.2698535919
326 25.2749042511
327 25.1340637207
328 25.1951503754
329 25.1541614532
330 25.0212669373
331 25.0816879272
332 24.1371917725
333 22.9148674011
334 24.4273338318
335 23.8558750153
336 23.9483680725
337 23.3299083710
338 23.4953155518
339 24.0150108337
340 24.8080978394
341 25.1305427551
342 23.9116497040
343 22.2355461121
344 21.8473663330
345 22.7690963745
346 23.1935882568
347 23.6259155273
348 24.0450649261
349 23.4597682953
350 22.9853324890
351 23.1156539917
352 23.2245807648
353 23.4448242188
354 24.0945053101
355 23.4039192200
356 23.1242179871
357 23.2358131409
358 22.0985584259
359 21.1927013397
360 21.7777214050
361 21.5362529755
362 21.2326431274
363 21.5211391449
364 21.4840106964
365 20.6692676544
366 19.4164657593
367 19.2922439575
368 19.4775657654
369 19.5878639221
370 19.4406127930
371 19.4309597015
372 19.2087306976
373 19.1150741577
374 19.0873565674
375 19.1124458313
376 18.6142330170
377 18.3307018280
378 18.0279102325
379 17.9959526062
380 17.7276325226
381 17.6490707397
382 17.5261707306
383 17.4281654358
384 17.3209934235
385 17.1712532043
386 17.0605354309
387 16.7581253052
388 17.2509098053
389 17.1026115417
390 17.9324436188
391 18.1324996948
392 18.4940128326
393 18.5713024139
394 17.9537963867
395 17.0124645233
396 16.5554027557
397 16.8098430634
398 15.6977024078
399 15.2485933304
400 15.6550788879
401 15.9032764435
402 15.5382394791
403 14.2664327621
404 16.1291675568
405 17.3438816071
406 17.4094200134
407 17.6918067932
408 16.6505794525
409 16.9883480072
410 15.8687210083
411 15.4982643127
412 15.2526369095
413 15.3114461899
414 15.7669906616
415 16.3263225555
416 16.0432052612
417 18.5673656464
418 17.6504020691
419 17.1711330414
420 19.2207374573
421 20.3495903015
422 20.1863880157
423 19.4434528351
424 19.7175121307
425 20.4192256927
426 19.8870277405
427 19.9246597290
428 19.9137973785
429 19.6541042328
430 20.7169322968
431 20.8472747803
432 20.9303874969
433 20.8033084869
434 20.7858047485
435 21.2898674011
436 21.5031604767
437 22.2093391418
438 22.8666648865
439 22.9496994019
440 22.2271194458
441 22.2266273499
442 22.4475269318
443 22.5902976990
444 22.6405715942
445 22.0298805237
446 22.3291683197
447 21.6771926880
448 21.5756511688
449 20.5809707642
450 21.0232639313
451 20.5969200134
452 19.6987342834
453 19.2178802490
454 18.8609867096
455 18.6565952301
456 18.3994503021
457 17.8123073578
458 18.6896076202
459 18.8247623444
460 17.8954277039
461 18.2355060577
462 19.1469287872
463 20.1330909729
464 20.4189472198
465 19.0366439819
466 19.4790821075
467 19.2385711670
468 18.7988739014
469 18.1824989319
470 17.8526153564
471 17.2927837372
472 17.5023670197
473 16.7851333618
474 16.2051010132
475 16.7880973816
476 16.9414978027
477 17.7672672272
478 17.5226593018
479 18.6693859100
480 18.9545421600
481 17.0532226562
482 15.9978723526
483 16.1220397949
484 17.0041828156
485 16.5003547668
486 16.7490291595
487 16.8699626923
488 16.2127914429
489 18.2133846283
490 16.7142658234
491 16.0213356018
492 16.4488506317
493 16.3336544037
494 17.2678146362
495 18.7316551208
496 19.6050300598
497 19.7497253418
498 19.9336719513
499 19.2691974640
500 18.4699668884
501 17.1328239441
502 17.9491882324
503 16.2890758514
504 14.2430963516
505 14.8994112015
506 14.6979465485
507 14.4352092743
508 19.5439891815
509 19.9192390442
510 19.9958591461
511 20.1539955139
512 20.3579978943
513 20.6350345612
514 20.7685699463
515 20.7750320435
516 20.8415184021
517 20.8991317749
518 21.5535526276
519 21.4330101013
520 21.3174438477
521 21.4046554565
522 21.4766082764
523 21.3082923889
524 21.6392421722
525 21.7138633728
526 21.0500679016
527 20.1412048340
528 19.2399768829
529 17.8933467865
530 19.1800117493
531 19.0072231293
532 21.1972904205
