##[Gaussian Mapper]Render time statistics: keyframe id, time(milliseconds)
0 8.46226700
1 3.81243700
2 3.81675200
3 3.79279000
4 3.96855500
5 3.85855000
6 3.69775600
7 3.60603400
8 3.71864700
9 3.71776100
10 3.77376300
11 3.73972900
12 3.81485500
13 3.66897700
14 3.56585100
15 3.58383400
16 3.52991300
17 3.48436900
18 3.55694800
19 3.61012800
20 3.60544700
21 3.75827500
22 3.69221500
23 3.76941200
24 3.67723900
25 3.75326000
26 3.71956000
27 3.71093800
28 3.72525800
29 3.74178500
30 3.69001900
31 3.74029300
32 3.77667600
33 3.77496700
34 3.73025700
35 3.78835100
36 3.68053800
37 3.65489200
38 3.79010000
39 3.76752100
40 3.73923400
41 3.68719600
42 3.73309500
43 3.86864000
44 3.92816600
45 3.94849000
46 4.02394800
47 3.96546700
48 4.03165200
49 4.43213900
50 4.04951900
51 3.87965900
52 3.93527600
53 3.75168700
54 4.00408600
55 3.68823400
56 3.63580000
57 3.91319000
58 3.51787200
59 3.71223200
60 3.35370800
61 3.47354400
62 3.74466300
63 3.62379500
64 3.63245500
65 3.45183200
66 3.34613100
67 3.64673400
68 3.31782400
69 3.59284500
70 3.24464800
71 3.45275200
72 3.52059500
73 3.58404800
74 3.93925000
75 3.55301800
76 3.63601800
77 3.45840300
78 3.40058800
79 3.36029400
80 3.23082500
81 3.70046800
82 3.20128000
83 3.38719600
84 3.08490800
85 3.00531800
86 3.07331300
87 3.26452800
88 3.14633600
89 3.21846600
90 3.53922200
91 3.29957400
92 3.38177300
93 2.98034500
94 2.86372000
95 2.85094200
96 2.88826000
97 2.86183000
98 2.92560800
99 2.94625200
100 3.21320200
101 3.12517000
102 3.27400200
103 3.13562900
104 3.20956600
105 3.08097500
106 3.45762200
107 3.29241900
108 3.40669300
109 3.53455800
110 3.45029500
111 3.54576500
112 3.37213000
113 3.79687600
114 3.76382900
115 3.81597100
116 3.87080300
117 3.89665800
118 4.33789800
119 3.93375000
120 3.58428500
121 3.35293000
122 3.58347800
123 3.02059100
124 2.89135900
125 2.80905900
126 3.02809600
127 2.94348100
128 2.98413700
129 3.48721600
130 3.79968400
131 3.97205000
132 4.05746200
133 3.92364400
134 3.58180300
135 3.49084800
136 3.39379300
137 3.43546400
138 3.61512500
139 4.33039600
140 4.59442000
141 4.27820700
142 4.89303800
143 4.37659800
144 4.05052700
145 4.15729900
146 4.38519400
147 3.78439800
148 3.45073800
149 3.31661600
150 3.12821400
151 3.34124000
152 3.59296800
153 3.80283400
154 3.86612700
155 4.52412900
156 3.80400200
157 3.61618800
158 3.35510500
159 3.54678300
160 3.25808800
161 2.99487200
162 2.89755400
163 3.17103000
164 2.86857000
165 2.82591700
166 2.85802400
167 2.89426300
168 2.98340000
169 3.09246000
170 3.18314100
171 3.07081500
172 3.08420400
173 2.96789800
174 3.18581600
175 2.85625800
176 2.89967600
177 2.84006500
178 2.82890600
179 2.89819800
180 2.87162400
181 2.87482400
182 3.08048200
183 2.96983600
184 2.95303800
185 3.02245100
186 3.03049500
187 3.13593500
188 3.13698800
189 3.30593400
190 3.11298900
191 3.26265800
192 3.13415500
193 3.24895400
194 3.12674000
195 3.09629800
196 3.13970300
197 3.19548900
198 3.32505100
199 3.16505100
200 3.38846300
201 3.37530100
202 3.22927200
203 3.29853200
204 3.17313800
205 2.98995200
206 3.02167500
207 2.82968800
208 2.96649500
209 2.78323200
210 2.88541400
211 2.69784100
212 2.84602800
213 2.68313400
214 2.79090400
215 2.66441600
216 2.92157200
217 2.72990100
218 2.72235200
219 2.65594800
220 2.58719300
221 2.59052200
222 2.53417400
223 2.92048400
224 2.90776800
225 3.26696700
226 3.27307300
227 3.23002600
228 3.26063100
229 3.32141200
230 3.37214500
231 2.99393700
232 2.98018700
233 3.07513400
234 3.14470800
235 3.10066300
236 3.12285300
237 2.94473200
238 2.90272100
239 2.85389600
240 2.83374900
241 2.84882400
242 2.86230100
243 2.89796700
244 2.94609300
245 2.84101600
246 2.85006700
247 2.87511800
248 2.92261700
249 2.92158200
250 3.14769900
251 3.19087000
252 3.31016600
253 3.17092700
254 3.17916300
255 3.09299900
256 3.07845000
257 3.11611800
258 3.14545300
259 3.24871300
260 3.09605500
261 3.06455900
262 3.07470500
263 3.15809700
264 3.35172700
265 3.27446500
266 3.53638100
267 3.28507500
268 3.18977500
269 3.30307600
270 3.27224100
271 3.48437200
272 3.23168800
273 2.94088900
274 2.57396700
275 2.71977500
276 2.87212700
277 3.15642400
278 2.92720200
279 3.00831900
280 2.83994100
281 2.94305600
282 2.83360800
283 2.95979900
284 2.85877700
285 2.91940700
286 2.79112300
287 2.83247100
288 2.72682400
289 2.89372400
290 2.73733900
291 2.81689000
292 2.73290700
293 2.91683000
294 2.77920500
295 3.03587700
296 3.18944900
297 2.99279000
298 2.74444300
299 2.76151800
300 3.02997800
301 2.74399800
302 2.80083800
303 2.85781000
304 2.83515400
305 2.80343400
306 2.82054900
307 3.04693100
308 2.85996900
309 2.82020600
310 2.95767800
311 2.97985900
312 2.80686000
313 3.27331600
314 2.84643800
315 2.80666200
316 3.05010500
317 2.81280000
318 3.33078500
319 2.76036300
320 2.98881200
321 2.72299200
322 2.83513900
323 2.92345000
324 2.77146500
325 2.60664600
326 2.84825000
327 2.63983300
328 2.64530700
329 2.78572500
330 2.65810200
331 2.99579300
332 3.74204400
333 3.12155900
334 2.73319100
335 3.14122000
336 2.76284100
337 2.66121900
338 2.69627800
339 2.77961000
340 2.55916200
341 2.52143700
342 2.65921600
343 2.72653600
344 2.68924000
345 2.65954900
346 2.65719800
347 2.71905100
348 2.60866900
349 2.69268900
350 2.59464900
351 2.69213300
352 2.57588900
353 2.61923200
354 2.57826800
355 2.57169800
356 2.64695500
357 2.64144700
358 2.69161000
359 2.68566800
360 2.75884200
361 2.73180600
362 2.78594900
363 2.75154600
364 2.80093700
365 3.06403100
366 2.79364200
367 2.98450600
368 2.74996500
369 2.74514000
370 2.74171600
371 2.62711100
372 2.61580400
373 2.62269500
374 2.57210500
375 2.54744200
376 2.56396500
377 2.58888300
378 2.53911800
379 2.53533700
380 2.54761300
381 2.74723400
382 2.53416100
383 2.56375500
384 2.59343900
385 2.54925100
386 2.54152000
387 2.53829600
388 2.56881400
389 2.40179700
390 2.51901700
391 2.42375200
392 2.54467600
393 2.43281300
394 2.54788800
395 2.47703300
396 2.45061300
397 2.49691400
398 2.50464000
399 2.76655600
400 2.48101000
401 2.47512500
402 2.46865000
403 2.50378700
404 2.48826000
405 2.70767400
406 2.46468700
407 2.69569300
408 2.63889400
409 2.86376600
410 3.13927700
411 2.75512900
412 2.48778800
413 2.58145600
414 2.52237100
415 2.49112300
416 2.49488300
417 2.51409800
418 2.69548700
419 2.49742300
420 2.66488600
421 2.49758100
422 2.56158700
423 2.56216200
424 2.58723000
425 2.56983300
426 2.54908500
427 2.68282600
428 2.72052400
429 2.58256400
430 2.57012000
431 2.51948000
432 2.80411400
433 2.51578000
434 2.72291700
435 2.49687500
436 2.61765700
437 2.48050600
438 2.63416600
439 2.42966100
440 2.52754900
441 2.40415900
442 2.37585400
443 2.34145800
444 2.26907700
445 2.50481100
446 2.31708200
447 2.39960300
448 2.31265400
449 2.41342100
450 2.39938800
451 2.50959700
452 2.79440100
453 2.66775900
454 2.94466500
455 2.66396000
456 2.81045100
457 2.78481300
458 2.75919700
459 2.89539900
460 2.76234700
461 3.05218800
462 2.79998100
463 2.77491900
464 3.13487800
465 2.70352700
466 2.75354600
467 2.60606000
468 2.58328200
469 2.72844800
470 2.51267700
471 2.50135100
472 2.43355900
473 2.40704700
474 2.43083000
475 2.39877200
476 2.50386600
477 2.44162100
478 2.49519500
479 2.70618200
480 2.84587200
481 3.46531000
482 3.00404900
483 3.17667000
484 3.01432000
485 3.14300600
486 3.07564600
487 3.23494500
488 3.09052200
489 2.84456100
490 2.81294600
491 2.82360200
492 2.80567800
493 3.08090100
494 3.44505900
495 2.67408100
496 3.29312500
497 2.69704200
498 3.15401000
499 2.56883000
500 2.85997200
501 2.69710100
502 2.76875400
503 2.97647500
504 3.48427800
505 3.21271100
506 3.20376900
507 3.21886800
508 2.77406200
509 2.81017600
510 2.75690100
511 2.80333500
512 2.76499400
513 2.78652800
514 2.77488800
515 2.84643600
516 2.78805100
517 2.78577400
518 2.79260200
519 2.81257400
520 2.77404900
521 2.77953600
522 2.77056900
523 2.87630500
524 2.88036800
525 2.83113700
526 2.89577000
527 3.17355700
528 2.89830400
529 2.88904200
530 2.90192700
531 2.83943400
532 2.72339000
