0.0353
0.0334
0.0277
0.0254
0.0236
0.0243
0.0240
0.0250
0.0253
0.0244
0.0245
0.0248
0.0253
0.0246
0.0254
0.0254
0.0255
0.0249
0.0267
0.0252
0.0254
0.0252
0.0259
0.0249
0.0252
0.0254
0.0251
0.0253
0.0251
0.0259
0.0255
0.0260
0.0259
0.0246
0.0275
0.0247
0.0263
0.0254
0.0239
0.0257
0.0256
0.0251
0.0261
0.0254
0.0245
0.0252
0.0255
0.0250
0.0253
0.0256
0.0259
0.0258
0.0250
0.0254
0.0255
0.0252
0.0263
0.0261
0.0250
0.0256
0.0268
0.0396
0.0249
0.0256
0.0259
0.0267
0.0260
0.0252
0.0256
0.0254
0.0268
0.0248
0.0244
0.0252
0.0252
0.0246
0.0247
0.0256
0.0258
0.0246
0.0256
0.0253
0.0253
0.0251
0.0251
0.0250
0.0256
0.0248
0.0257
0.0254
0.0255
0.0250
0.0259
0.0242
0.0244
0.0249
0.0251
0.0250
0.0259
0.0260
0.0262
0.0256
0.0246
0.0255
0.0253
0.0251
0.0256
0.0256
0.0250
0.0256
0.0257
0.0262
0.0250
0.0247
0.0251
0.0245
0.0255
0.0254
0.0250
0.0249
0.0242
0.0266
0.0262
0.0252
0.0248
0.0251
0.0256
0.0251
0.0256
0.0254
0.0254
0.0253
0.0255
0.0248
0.0256
0.0260
0.0246
0.0255
0.0257
0.0257
0.0260
0.0253
0.0249
0.0261
0.0257
0.0259
0.0259
0.0260
0.0257
0.0252
0.0247
0.0254
0.0245
0.0258
0.0255
0.0245
0.0250
0.0267
0.0256
0.0254
0.0248
0.0254
0.0261
0.0253
0.0260
0.0252
0.0254
0.0252
0.0249
0.0252
0.0245
0.0258
0.0244
0.0247
0.0254
0.0253
0.0266
0.0261
0.0262
0.0255
0.0248
0.0256
0.0260
0.0253
0.0256
0.0255
0.0254
0.0255
0.0256
0.0251
0.0261
0.0260
0.0255
0.0257
0.0255
0.0261
0.0258
0.0248
0.0250
0.0253
0.0251
0.0254
0.0247
0.0245
0.0249
0.0247
0.0246
0.0255
0.0252
0.0247
0.0246
0.0253
0.0245
0.0257
0.0246
0.0251
0.0254
0.0241
0.0257
0.0255
0.0253
0.0259
0.0253
0.0242
0.0256
0.0254
0.0258
0.0262
0.0248
0.0257
0.0254
0.0253
0.0251
0.0253
0.0242
0.0248
0.0255
0.0252
0.0257
0.0257
0.0250
0.0251
0.0250
0.0253
0.0246
0.0257
0.0256
0.0258
0.0256
0.0255
0.0255
0.0254
0.0248
0.0247
0.0253
0.0263
0.0251
0.0251
0.0247
0.0251
0.0256
0.0254
0.0254
0.0251
0.0251
0.0255
0.0253
0.0260
0.0250
0.0253
0.0249
0.0249
0.0253
0.0255
0.0259
0.0250
0.0254
0.0250
0.0261
0.0253
0.0257
0.0252
0.0258
0.0252
0.0255
0.0245
0.0247
0.0255
0.0241
0.0249
0.0254
0.0249
0.0248
0.0255
0.0253
0.0252
0.0257
0.0263
0.0252
0.0251
0.0247
0.0254
0.0255
0.0250
0.0261
0.0256
0.0253
0.0252
0.0251
0.0250
0.0254
0.0249
0.0246
0.0244
0.0249
0.0255
0.0248
0.0259
0.0255
0.0257
0.0253
0.0257
0.0247
0.0252
0.0257
0.0253
0.0257
0.0248
0.0260
0.0253
0.0253
0.0252
0.0257
0.0256
0.0251
0.0254
0.0249
0.0255
0.0255
0.0255
0.0248
0.0244
0.0252
0.0245
0.0252
0.0248
0.0257
0.0254
0.0245
0.0250
0.0257
0.0249
0.0251
0.0252
0.0251
0.0251
0.0247
0.0257
0.0251
0.0248
0.0255
0.0251
0.0258
0.0252
0.0248
0.0249
0.0256
0.0256
0.0259
0.0251
0.0246
0.0256
0.0248
0.0256
0.0251
0.0249
0.0254
0.0243
0.0251
0.0244
0.0245
0.0255
0.0253
0.0254
0.0255
0.0251
0.0255
0.0256
0.0259
0.0242
0.0251
0.0251
0.0249
0.0244
0.0252
0.0260
0.0242
0.0245
0.0248
0.0246
0.0244
0.0253
0.0246
0.0249
0.0248
0.0247
0.0250
0.0254
0.0243
0.0245
0.0254
0.0254
0.0255
0.0255
0.0252
0.0257
0.0248
0.0246
0.0256
0.0282
0.0254
0.0250
0.0258
0.0258
0.0249
0.0249
0.0247
0.0252
0.0247
0.0247
0.0251
0.0254
0.0253
0.0260
0.0255
0.0261
0.0270
0.0253
0.0245
0.0249
0.0249
0.0250
0.0247
0.0250
0.0251
0.0253
0.0250
0.0244
0.0249
0.0257
0.0253
0.0247
0.0254
0.0249
0.0241
0.0247
0.0251
0.0247
0.0247
0.0243
0.0241
0.0242
0.0263
0.0257
0.0252
0.0261
0.0247
0.0251
0.0249
0.0252
0.0244
0.0251
0.0247
0.0251
0.0260
0.0257
0.0268
0.0253
0.0247
0.0258
0.0249
0.0245
0.0246
0.0245
0.0251
0.0255
0.0246
0.0245
0.0249
0.0252
0.0252
0.0253
0.0257
0.0241
0.0249
0.0246
0.0248
0.0258
0.0255
0.0251
0.0255
0.0250
0.0246
0.0253
0.0250
0.0246
0.0256
0.0249
0.0258
0.0242
0.0247
0.0244
0.0253
0.0252
0.0245
0.0248
0.0254
0.0246
0.0240
0.0253
0.0250
0.0255
0.0245
0.0254
0.0256
0.0255
0.0251
0.0253
0.0245
0.0252
0.0244
0.0255
0.0248
0.0247
0.0255
0.0254
0.0251
0.0255
0.0246
0.0251
0.0257
0.0253
0.0247
0.0246
0.0249
0.0246
0.0248
0.0244
0.0249
0.0249
0.0251
0.0251
0.0245
0.0243
0.0258
0.0248
0.0255
0.0249
0.0253
0.0253
0.0258
0.0248
0.0257
0.0247
0.0255
0.0259
0.0259
0.0249
0.0244
0.0246
0.0253
0.0250
0.0254
0.0251
0.0255
0.0251
0.0255
0.0252
0.0246
0.0245
0.0247
0.0254
0.0253
0.0249
0.0250
0.0245
0.0254
0.0254
0.0256
0.0250
0.0248
0.0257
0.0248
0.0244
0.0252
0.0249
0.0243
0.0253
0.0247
0.0251
0.0246
0.0245
0.0262
0.0257
0.0254
0.0261
0.0256
0.0243
0.0253
0.0251
0.0255
0.0252
0.0254
0.0246
0.0256
0.0249
0.0246
0.0253
0.0247
0.0250
0.0249
0.0243
0.0256
0.0254
0.0244
0.0252
0.0251
0.0250
0.0243
0.0262
0.0255
0.0241
0.0263
0.0249
0.0252
0.0246
0.0255
0.0247
0.0255
0.0253
0.0253
0.0263
0.0247
0.0251
0.0250
0.0258
0.0248
0.0251
0.0248
0.0246
0.0254
0.0257
0.0251
0.0258
0.0250
0.0250
0.0247
0.0252
0.0263
0.0253
0.0247
0.0256
0.0251
0.0247
0.0246
0.0247
0.0247
0.0254
0.0253
0.0251
0.0246
0.0253
0.0252
0.0246
0.0247
0.0261
0.0250
0.0246
0.0259
0.0262
0.0248
0.0252
0.0253
0.0250
0.0247
0.0251
0.0254
0.0248
0.0245
0.0250
0.0262
0.0253
0.0249
0.0256
0.0253
0.0244
0.0254
0.0256
0.0246
0.0253
0.0257
0.0261
0.0256
0.0247
0.0250
0.0245
0.0248
0.0254
0.0258
0.0252
0.0249
0.0247
0.0251
0.0259
0.0251
0.0264
0.0253
0.0247
0.0248
0.0260
0.0248
0.0251
0.0251
0.0250
0.0254
0.0255
0.0246
0.0251
0.0256
0.0248
0.0247
0.0256
0.0254
0.0251
0.0263
0.0254
0.0247
0.0248
0.0255
0.0251
0.0257
0.0240
0.0256
0.0244
0.0252
0.0249
0.0254
0.0257
0.0255
0.0249
0.0249
0.0246
0.0250
0.0248
0.0254
0.0259
0.0259
0.0251
0.0248
0.0263
0.0255
0.0252
0.0256
0.0251
0.0255
0.0246
0.0258
0.0246
0.0252
0.0251
0.0247
0.0253
0.0254
0.0259
0.0255
0.0253
0.0246
0.0258
0.0244
0.0258
0.0259
0.0254
0.0244
0.0253
0.0254
0.0246
0.0253
0.0250
0.0253
0.0249
0.0257
0.0246
0.0248
0.0250
0.0259
0.0254
0.0250
0.0250
0.0247
0.0247
0.0255
0.0254
0.0248
0.0250
0.0250
0.0248
0.0258
0.0261
0.0252
0.0252
0.0265
0.0255
0.0254
0.0251
0.0275
0.0245
0.0249
0.0256
0.0250
0.0246
0.0259
0.0262
0.0256
0.0253
0.0256
0.0274
0.0256
0.0254
0.0257
0.0248
0.0252
0.0244
0.0250
0.0250
0.0254
0.0264
0.0248
0.0255
0.0251
0.0251
0.0252
0.0248
0.0255
0.0250
0.0254
0.0248
0.0251
0.0253
0.0251
0.0254
0.0251
0.0243
0.0252
0.0254
0.0248
0.0247
0.0254
0.0247
0.0254
0.0254
0.0258
0.0247
0.0251
0.0248
0.0260
0.0257
0.0259
0.0248
0.0256
0.0241
0.0247
0.0246
0.0252
0.0253
0.0259
0.0255
0.0249
0.0245
0.0257
0.0250
0.0249
0.0259
0.0254
0.0249
0.0250
0.0257
0.0253
0.0252
0.0247
0.0255
0.0248
0.0247
0.0252
0.0244
0.0250
0.0259
0.0255
0.0272
0.0236
0.0257
0.0268
0.0251
0.0253
0.0257
0.0252
0.0250
0.0242
0.0244
0.0251
0.0254
0.0244
0.0245
0.0245
0.0252
0.0251
0.0253
0.0245
0.0258
0.0251
0.0256
0.0249
0.0250
0.0264
0.0249
0.0248
0.0249
0.0253
0.0261
0.0249
0.0248
0.0260
0.0245
0.0257
0.0255
0.0247
0.0249
0.0264
0.0257
0.0249
0.0256
0.0266
0.0248
0.0251
0.0258
0.0245
0.0248
0.0264
0.0263
0.0252
0.0255
0.0263
0.0254
0.0251
0.0250
0.0251
0.0257
0.0257
0.0244
0.0253
0.0256
0.0249
0.0249
0.0257
0.0252
0.0253
0.0251
0.0244
0.0244
0.0257
0.0253
0.0253
0.0256
0.0258
0.0255
0.0254
0.0250
0.0254
0.0253
0.0254
0.0274
0.0255
0.0248
0.0263
0.0252
0.0253
0.0246
0.0250
0.0252
0.0252
0.0255
0.0248
0.0254
0.0250
0.0249
0.0249
0.0259
0.0254
0.0253
0.0248
0.0249
0.0253
0.0248
0.0252
0.0260
0.0250
0.0253
0.0252
0.0248
0.0249
0.0247
0.0254
0.0254
0.0253
0.0252
0.0246
0.0256
0.0251
0.0250
0.0246
0.0248
0.0246
0.0244
0.0248
0.0241
0.0251
0.0250
0.0251
0.0245
0.0249
0.0248
0.0250
0.0248
0.0253
0.0252
0.0239
0.0246
0.0251
0.0250
0.0253
0.0254
0.0252
0.0253
0.0252
0.0250
0.0248
0.0239
0.0245
0.0242
0.0254
0.0257
0.0247
0.0250
0.0252
0.0251
0.0246
0.0243
0.0249
0.0243
0.0253
0.0249
0.0245
0.0242
0.0247
0.0250
0.0248
0.0250
0.0241
0.0243
0.0250
0.0243
0.0257
0.0244
0.0244
0.0248
0.0248
0.0254
0.0249
0.0252
0.0248
0.0249
0.0245
0.0250
0.0245
0.0259
0.0254
0.0249
0.0251
0.0243
0.0242
0.0251
0.0244
0.0249
0.0244
0.0249
0.0248
0.0250
0.0253
0.0247
0.0248
0.0250
0.0247
0.0246
0.0251
0.0241
0.0246
0.0240
0.0250
0.0250
0.0250
0.0256
0.0241
0.0245
0.0250
0.0245
0.0254
0.0250
0.0241
0.0243
0.0254
0.0256
0.0256
0.0252
0.0257
0.0249
0.0251
0.0250
0.0249
0.0239
0.0250
0.0248
0.0254
0.0269
0.0254
0.0254
0.0266
0.0241
0.0250
0.0272
0.0254
0.0252
0.0247
0.0262
0.0262
0.0259
0.0245
0.0255
0.0244
0.0261
0.0259
0.0254
0.0249
0.0258
0.0264
0.0260
0.0251
0.0250
0.0249
0.0250
0.0268
0.0254
0.0255
0.0256
0.0250
0.0302
0.0248
0.0252
0.0268
0.0274
0.0253
0.0256
0.0253
0.0262
0.0269
0.0273
0.0262
0.0252
0.0250
0.0248
0.0247
0.0268
0.0254
0.0258
0.0253
0.0265
0.0247
0.0246
0.0243
0.0257
0.0257
0.0247
0.0243
0.0250
0.0256
0.0260
0.0257
0.0253
0.0257
0.0252
0.0245
0.0244
0.0252
0.0245
0.0253
0.0253
0.0254
0.0249
0.0270
0.0253
0.0257
0.0266
0.0254
0.0271
0.0260
0.0256
0.0258
0.0255
0.0250
0.0256
0.0254
0.0256
0.0253
0.0254
0.0270
0.0254
0.0252
0.0248
0.0258
0.0254
0.0252
0.0250
0.0257
0.0253
0.0242
0.0253
0.0266
0.0251
0.0251
0.0256
0.0254
0.0256
0.0254
0.0253
0.0264
0.0254
0.0249
0.0257
0.0248
0.0252
0.0251
0.0256
0.0249
0.0258
0.0246
0.0248
0.0251
0.0247
0.0253
0.0276
0.0249
0.0256
0.0253
0.0246
0.0249
0.0248
0.0256
0.0254
0.0250
0.0262
0.0252
0.0254
0.0254
0.0257
0.0255
0.0259
0.0250
0.0248
0.0257
0.0275
0.0256
0.0252
0.0254
0.0253
0.0250
0.0259
0.0251
0.0260
0.0253
0.0253
0.0253
0.0245
0.0254
0.0253
0.0265
0.0251
0.0254
0.0258
0.0261
0.0246
0.0253
0.0260
0.0248
0.0255
0.0256
0.0249
0.0246
0.0246
0.0249
0.0252
0.0248
0.0246
0.0249
0.0264
0.0254
0.0255
0.0252
0.0256
0.0248
0.0251
0.0251
0.0244
0.0255
0.0256
0.0254
0.0250
0.0248
0.0255
0.0252
0.0253
0.0256
0.0256
0.0259
0.0252
0.0255
0.0254
0.0256
0.0249
0.0250
0.0251
0.0255
0.0247
0.0247
0.0245
0.0250
0.0254
0.0256
0.0251
0.0257
0.0258
0.0257
0.0253
0.0251
0.0258
0.0263
0.0250
0.0253
0.0248
0.0248
0.0257
0.0259
0.0254
0.0260
0.0262
0.0250
0.0250
0.0244
0.0252
0.0254
0.0256
0.0256
0.0258
0.0256
0.0254
0.0253
0.0255
0.0247
0.0254
0.0254
0.0250
0.0252
0.0242
0.0249
0.0255
0.0254
0.0252
0.0252
0.0266
0.0250
0.0252
0.0250
0.0256
0.0257
0.0255
0.0254
0.0250
0.0264
0.0257
0.0259
0.0265
0.0283
0.0255
0.0249
0.0256
0.0256
0.0263
0.0256
0.0247
0.0259
0.0254
0.0251
0.0253
0.0253
0.0260
0.0261
0.0249
0.0252
0.0257
0.0253
0.0265
0.0252
0.0254
0.0260
0.0246
0.0252
0.0253
0.0259
0.0243
0.0250
0.0250
0.0246
0.0249
0.0250
0.0251
0.0246
0.0263
0.0242
0.0253
0.0252
0.0240
0.0253
0.0256
0.0252
0.0246
0.0257
0.0249
0.0252
0.0243
0.0241
0.0260
0.0254
0.0264
0.0248
0.0269
0.0254
0.0251
0.0252
0.0250
0.0251
0.0249
0.0258
0.0255
0.0246
0.0249
0.0252
0.0254
0.0251
0.0247
0.0248
0.0262
0.0250
0.0249
0.0258
0.0243
0.0254
0.0244
0.0253
0.0248
0.0250
0.0257
0.0258
0.0252
0.0253
0.0251
0.0255
0.0252
0.0248
0.0247
0.0244
0.0254
0.0247
0.0248
0.0249
0.0249
0.0256
0.0257
0.0251
0.0248
0.0246
0.0249
0.0255
0.0260
0.0260
0.0249
0.0247
0.0255
0.0254
0.0253
0.0256
0.0255
0.0247
0.0257
0.0251
0.0239
0.0253
0.0263
0.0253
0.0251
0.0249
0.0239
0.0246
0.0255
0.0252
0.0249
0.0253
0.0253
0.0257
0.0247
0.0249
0.0255
0.0251
0.0248
0.0247
0.0254
0.0245
0.0251
0.0251
0.0254
0.0251
0.0251
0.0253
0.0249
0.0241
0.0252
0.0245
0.0258
0.0254
0.0255
0.0241
0.0251
0.0248
0.0253
0.0258
0.0248
0.0242
0.0248
0.0241
0.0242
0.0249
0.0247
0.0261
0.0258
0.0246
0.0249
0.0244
0.0247
0.0251
0.0246
0.0257
0.0245
0.0254
0.0251
0.0249
0.0251
0.0246
0.0243
0.0253
0.0253
0.0239
0.0247
0.0258
0.0250
0.0255
0.0265
0.0256
0.0260
0.0260
0.0248
0.0252
0.0237
0.0259
0.0245
0.0250
0.0263
0.0250
0.0254
0.0247
0.0247
0.0253
0.0251
0.0249
0.0253
0.0249
0.0258
0.0253
0.0253
0.0249
0.0244
0.0260
0.0251
0.0243
0.0260
0.0255
0.0248
0.0253
0.0254
0.0257
0.0242
0.0254
0.0255
0.0254
0.0250
0.0250
0.0253
0.0249
0.0250
0.0251
0.0248
0.0245
0.0252
0.0253
0.0245
0.0247
0.0249
0.0244
0.0247
0.0253
0.0250
0.0248
0.0245
0.0251
0.0250
0.0251
0.0247
0.0253
0.0240
0.0249
0.0253
0.0250
0.0246
0.0253
0.0252
0.0243
0.0249
0.0246
0.0245
0.0248
0.0247
0.0249
0.0247
0.0254
0.0251
0.0247
0.0254
0.0244
0.0248
0.0248
0.0249
0.0250
0.0241
0.0248
0.0253
0.0250
0.0247
0.0244
0.0251
0.0252
0.0255
0.0248
0.0248
0.0255
0.0252
0.0252
0.0246
0.0243
0.0248
0.0249
0.0251
0.0254
0.0258
0.0251
0.0246
0.0254
0.0242
0.0243
0.0251
0.0252
0.0243
0.0246
0.0249
0.0250
0.0256
0.0250
0.0248
0.0252
0.0252
0.0248
0.0250
0.0249
0.0250
0.0244
0.0253
0.0258
0.0252
0.0255
0.0255
0.0243
0.0255
0.0246
0.0251
0.0254
0.0243
0.0256
0.0248
0.0251
0.0253
0.0256
0.0252
0.0256
0.0244
0.0256
0.0249
0.0245
0.0253
0.0253
0.0251
0.0248
0.0256
0.0250
0.0251
0.0248
0.0259
0.0246
0.0250
0.0252
0.0256
0.0247
0.0255
0.0259
0.0275
0.0255
0.0250
0.0245
0.0253
0.0243
0.0244
0.0241
0.0257
0.0244
0.0238
0.0250
0.0253
0.0245
0.0269
0.0262
0.0250
0.0250
0.0258
0.0248
0.0248
0.0247
0.0244
0.0250
0.0247
0.0254
0.0253
0.0248
0.0247
0.0241
0.0258
0.0256
0.0252
0.0245
0.0246
0.0248
0.0252
0.0245
0.0250
0.0256
0.0258
0.0250
0.0245
0.0251
0.0252
0.0253
0.0259
0.0241
0.0250
0.0255
0.0260
0.0255
0.0247
0.0248
0.0252
0.0256
0.0251
0.0268
0.0249
0.0258
0.0260
0.0261
0.0261
0.0253
0.0254
0.0256
0.0250
0.0259
0.0244
0.0249
0.0253
0.0258
0.0247
0.0237
0.0249
0.0256
0.0254
0.0259
0.0261
0.0246
0.0252
0.0254
0.0251
0.0259
0.0252
0.0253
0.0262
0.0246
0.0247
0.0252
0.0253
0.0247
0.0256
0.0263
0.0256
0.0260
0.0248
0.0257
0.0251
0.0256
0.0258
0.0250
0.0248
0.0240
0.0244
0.0251
0.0254
0.0247
0.0256
0.0257
0.0248
0.0251
0.0251
0.0250
0.0244
0.0246
0.0257
0.0257
0.0244
0.0254
0.0247
0.0255
0.0249
0.0252
0.0248
0.0253
0.0253
0.0250
0.0257
0.0250
0.0254
0.0253
0.0249
0.0250
0.0244
0.0256
0.0249
0.0247
0.0255
0.0258
0.0250
0.0253
0.0253
0.0256
0.0250
0.0251
0.0247
0.0250
0.0251
0.0256
0.0248
0.0251
0.0247
0.0255
0.0252
0.0253
0.0248
0.0247
0.0258
0.0243
0.0256
0.0250
0.0254
0.0250
0.0249
0.0255
0.0252
0.0245
0.0251
0.0247
0.0246
0.0254
0.0247
0.0253
0.0251
0.0249
0.0248
0.0247
0.0247
0.0249
0.0243
0.0255
0.0254
0.0252
0.0247
0.0255
0.0254
0.0247
0.0243
0.0253
0.0243
0.0258
0.0256
0.0260
0.0246
0.0253
0.0248
0.0250
0.0246
0.0254
0.0250
0.0252
0.0247
0.0257
0.0255
0.0243
0.0251
0.0258
0.0247
0.0252
0.0245
0.0257
0.0245
0.0253
0.0257
0.0255
0.0250
0.0256
0.0250
0.0269
0.0247
0.0248
0.0246
0.0257
0.0251
0.0245
0.0250
0.0248
0.0252
0.0247
0.0249
0.0269
0.0243
0.0247
0.0249
0.0261
0.0245
0.0256
0.0254
0.0259
0.0247
0.0248
0.0253
0.0251
0.0250
0.0255
0.0254
0.0247
0.0253
0.0243
0.0248
0.0254
0.0253
0.0258
0.0254
0.0247
0.0253
0.0247
0.0253
0.0245
0.0247
0.0252
0.0253
0.0254
0.0258
0.0261
0.0250
0.0268
0.0255
0.0236
0.0252
0.0248
0.0259
0.0256
0.0247
0.0254
0.0257
0.0259
0.0256
0.0247
0.0246
0.0252
0.0250
0.0259
0.0249
0.0251
0.0250
0.0258
0.0253
0.0242
0.0250
0.0262
0.0253
0.0250
0.0260
0.0256
0.0249
0.0247
0.0250
0.0250
0.0249
0.0251
0.0257
0.0248
0.0244
0.0262
0.0249
0.0249
0.0255
0.0251
0.0250
0.0249
0.0253
0.0245
0.0254
0.0251
0.0244
0.0257
0.0262
0.0244
0.0262
0.0263
0.0259
0.0254
0.0257
0.0250
0.0258
0.0252
0.0251
0.0262
0.0270
0.0256
0.0254
0.0247
0.0262
0.0247
0.0254
0.0258
0.0257
0.0251
0.0263
0.0264
0.0255
0.0263
0.0253
0.0261
0.0249
0.0265
0.0248
0.0261
0.0264
0.0249
0.0262
0.0288
0.0255
0.0263
0.0253
0.0258
0.0257
0.0253
0.0257
0.0254
0.0246
0.0254
0.0252
0.0253
0.0251
0.0252
0.0250
0.0247
0.0267
0.0256
0.0249
0.0247
0.0245
0.0250
0.0247
0.0248
0.0243
0.0256
0.0264
0.0244
0.0256
0.0252
0.0251
0.0258
0.0256
0.0255
0.0253
0.0247
0.0249
0.0260
0.0258
0.0257
0.0260
0.0257
0.0250
0.0242
0.0256
0.0249
0.0249
0.0249
0.0246
0.0254
0.0247
0.0258
0.0252
0.0257
0.0254
0.0260
0.0263
0.0256
0.0250
0.0250
0.0254
0.0245
0.0253
0.0262
0.0253
0.0254
0.0263
0.0264
0.0257
0.0250
0.0251
0.0253
0.0251
0.0257
0.0249
0.0250
0.0254
0.0253
0.0248
0.0245
0.0245
0.0245
0.0257
0.0259
0.0262
0.0248
0.0248
0.0260
0.0252
0.0275
0.0257
0.0254
0.0254
0.0257
0.0241
0.0238
0.0239
0.0224
0.0223
0.0233
0.0252
0.0263
0.0337
0.0236
0.0207
0.0293
0.0249
0.0212
0.0213
0.0387
0.0252
0.0208
0.0214
0.0481
0.0257
0.0213
0.0215
0.0228
0.0551
0.0281
0.0226
0.0241
0.0865
0.0300
0.0230
0.0232
0.0236
0.0236
0.0282
0.0238
0.0233
0.0241
0.0242
0.0259
0.0302
0.0241
0.0241
0.0246
0.0251
0.0243
0.0250
0.0246
0.0247
0.0245
0.0232
0.0238
0.0240
0.0245
0.0238
0.0236
0.0240
0.0284
0.0238
0.0250
0.0257
0.0261
0.0295
0.0250
0.0250
0.0236
0.0239
0.0227
0.0233
0.0240
0.0269
0.0240
0.0245
0.0245
0.0243
0.0242
0.0243
0.0244
0.0241
0.0241
0.0244
0.0240
0.0243
0.0237
0.0240
0.0228
0.0224
0.0235
0.0267
0.0245
0.0235
0.0227
0.0234
0.0243
0.0241
0.0251
0.0287
0.0258
0.0252
0.0238
0.0232
0.0235
0.0240
0.0249
0.0250
0.0269
0.0248
0.0242
0.0236
0.0230
0.0285
0.0257
0.0252
0.0254
0.0258
0.0245
0.0266
0.0335
0.0251
0.0253
0.0236
0.0241
0.0231
0.0339
0.0271
0.0226
0.0238
0.0240
0.0241
0.0237
0.0233
0.0235
0.0235
0.0244
0.0377
0.0244
0.0241
0.0245
0.0241
0.0245
0.0234
0.0240
0.0246
0.0236
0.0223
0.0387
0.0231
0.0235
0.0242
0.0248
0.0248
0.0245
0.0243
0.0244
0.0250
0.0250
0.0249
0.0253
0.0246
0.0242
0.0245
0.0240
0.0237
0.0237
0.0239
0.0241
0.0249
0.0256
0.0254
0.0251
0.0246
0.0246
0.0250
0.0255
0.0249
0.0249
0.0249
0.0251
0.0250
0.0247
0.0254
0.0248
0.0237
0.0245
0.0248
0.0255
0.0236
0.0248
0.0250
0.0246
0.0258
0.0250
0.0259
0.0257
0.0247
0.0254
0.0254
0.0259
0.0243
0.0242
0.0246
0.0251
0.0259
0.0254
0.0260
0.0253
0.0259
0.0255
0.0261
0.0255
0.0258
0.0255
0.0248
0.0247
0.0258
0.0255
0.0249
0.0253
0.0241
0.0240
0.0261
0.0258
0.0270
0.0278
0.0282
0.0279
0.0278
0.0263
0.0266
0.0272
0.0274
0.0268
0.0267
0.0268
0.0264
0.0264
0.0271
0.0268
0.0271
0.0271
0.0260
0.0267
0.0263
0.0254
0.0262
0.0259
0.0251
0.0247
0.0252
0.0244
0.0239
0.0241
0.0241
0.0239
0.0234
0.0246
0.0251
0.0259
0.0254
0.0253
0.0252
0.0254
0.0254
0.0256
0.0251
0.0260
0.0259
0.0255
0.0261
0.0253
0.0257
0.0257
0.0253
0.0251
0.0249
0.0245
0.0241
0.0245
0.0236
0.0243
0.0240
0.0243
0.0241
0.0246
0.0250
0.0240
0.0241
0.0238
0.0244
0.0275
0.0241
0.0246
0.0235
0.0235
0.0236
0.0239
0.0252
0.0252
0.0248
0.0252
0.0242
0.0263
0.0233
0.0239
0.0239
0.0243
0.0259
0.0288
0.0246
0.0249
0.0255
0.0292
0.0263
0.0276
0.0248
0.0249
0.0254
0.0249
0.0250
0.0291
0.0277
0.0256
0.0245
0.0241
0.0240
0.0241
0.0242
0.0246
0.0259
0.0255
0.0243
0.0242
0.0246
0.0236
0.0241
0.0243
0.0238
0.0255
0.0250
0.0245
0.0236
0.0241
0.0243
0.0242
0.0240
0.0250
0.0246
0.0254
0.0245
0.0251
0.0291
0.0304
0.0262
0.0250
0.0244
0.0246
0.0243
0.0250
0.0242
0.0239
0.0241
0.0251
0.0247
0.0244
0.0248
0.0243
0.0251
0.0246
0.0245
0.0244
0.0249
0.0246
0.0242
0.0240
0.0243
0.0248
0.0270
0.0273
0.0344
0.0270
0.0260
0.0252
0.0251
0.0255
0.0250
0.0253
0.0255
0.0248
0.0252
0.0246
0.0250
0.0242
0.0242
0.0242
0.0251
0.0263
0.0395
0.0252
0.0249
0.0260
0.0247
0.0253
0.0256
0.0249
0.0255
0.0251
0.0240
0.0241
0.0239
0.0239
0.0243
0.0245
0.0237
0.0246
0.0253
0.0256
0.0461
0.0277
0.0250
0.0249
0.0246
0.0246
0.0269
0.0258
0.0258
0.0543
0.0304
0.0256
0.0253
0.0253
0.0257
0.0255
0.0253
0.0260
0.0254
0.0260
0.0265
0.0268
0.0574
0.0276
0.0260
0.0260
0.0257
0.0254
0.0260
0.0263
0.0260
0.0263
0.0257
0.0270
0.0263
0.0262
0.0257
0.0258
0.0260
0.0258
0.0262
0.0258
0.0253
0.0254
0.0298
0.0261
0.0298
0.0261
0.0317
0.0284
0.0266
0.0261
0.0260
0.0256
0.0274
0.0261
0.0259
0.0258
0.0258
0.0258
0.0261
0.0271
0.0304
0.0714
0.0289
0.0268
0.0272
0.0266
0.0267
0.0265
0.0264
0.0264
0.0260
0.0263
0.0269
0.0266
0.0260
0.0260
0.0257
0.0256
0.0257
0.0262
0.0258
0.0261
0.0271
0.0266
0.0308
0.0273
0.0532
0.0283
0.0261
0.0260
0.0256
0.0257
0.0259
0.0263
0.0252
0.0258
0.0255
0.0257
0.0263
0.0256
0.0253
0.0261
0.0259
0.0254
0.0262
0.0270
0.0284
0.0268
0.0568
0.0308
0.0266
0.0261
0.0256
0.0247
0.0255
0.0253
0.0251
0.0245
0.0242
0.0254
0.0262
0.0269
0.0263
0.0264
0.0258
0.0252
0.0255
0.0265
0.0262
0.0266
0.0264
0.0266
0.0260
0.0263
0.0263
0.0256
0.0260
0.0262
0.0262
0.0265
0.0265
0.0259
0.0250
0.0251
0.0260
0.0257
0.0261
0.0265
0.0270
0.0283
0.0276
0.0642
0.0290
0.0267
0.0297
0.0265
0.0271
0.0260
0.0268
0.0266
0.0265
0.0264
0.0269
0.0264
0.0273
0.0262
0.0266
0.0266
0.0264
0.0263
0.0262
0.0263
0.0273
0.0268
0.0266
0.0268
0.0265
0.0267
0.0263
0.0264
0.0261
0.0260
0.0265
0.0269
0.0264
0.0266
0.0268
0.0264
0.0261
0.0261
0.0264
0.0269
0.0272
0.0260
0.0266
0.0256
0.0257
0.0261
0.0261
0.0258
0.0259
0.0261
0.0255
0.0259
0.0257
0.0270
0.0253
0.0251
0.0257
0.0266
0.0273
0.0284
0.0273
0.0681
0.0328
0.0265
0.0256
0.0260
0.0257
0.0259
0.0259
0.0259
0.0263
0.0257
0.0262
0.0255
0.0258
0.0259
0.0255
0.0262
0.0259
0.0263
0.0257
0.0260
0.0264
0.0255
0.0255
0.0261
0.0265
0.0256
0.0265
0.0266
0.0263
0.0254
0.0260
0.0263
0.0266
0.0259
0.0257
0.0257
0.0258
0.0257
0.0260
0.0252
0.0240
0.0253
0.0263
0.0259
0.0265
0.0257
0.0258
0.0258
0.0258
0.0259
0.0271
0.0280
0.0276
0.0736
0.0292
0.0268
0.0267
0.0266
0.0260
0.0256
0.0254
0.0256
0.0255
0.0249
0.0241
0.0249
0.0260
0.0249
0.0244
0.0248
0.0261
0.0250
0.0775
0.0259
0.0253
0.0247
0.0243
0.0261
0.0593
0.0252
0.0267
0.0244
0.0244
0.0254
0.0240
0.0240
0.0245
0.0250
0.0243
0.0250
0.0289
0.0236
0.0763
0.0291
0.0245
0.0280
0.0246
0.0240
0.0260
0.0282
0.0285
0.0258
0.0871
0.0266
0.0259
0.0268
0.0242
0.0254
0.0274
0.0248
0.0247
0.0729
0.0267
0.0254
0.0255
0.0286
0.0257
0.0257
0.0259
0.0731
0.0268
0.0270
0.0251
0.0305
0.0249
0.0252
0.0689
0.0272
0.0248
0.0240
0.0248
0.0246
0.0255
0.0325
0.0255
0.0259
0.0684
0.0306
0.0258
0.0249
0.0250
0.0257
0.0256
0.0252
0.0258
0.0257
0.0252
0.0254
0.0260
0.0264
0.0272
0.0297
0.0268
0.0279
0.0266
0.0265
0.0923
0.0308
0.0319
0.0260
0.0257
0.0256
0.0256
0.0254
0.0270
0.0262
0.0258
0.0264
0.0269
0.0265
0.0271
0.0272
0.1015
0.0281
0.0284
0.0306
0.0263
0.0270
0.0292
0.0265
0.0265
0.0258
0.0256
0.0253
0.0258
0.0261
0.0253
0.0271
0.0259
0.0262
0.0261
0.0254
0.0252
0.0267
0.0260
0.0260
0.0255
0.0261
0.0253
0.0254
0.0285
0.0254
0.0264
0.0251
0.0267
0.0292
0.0256
0.0268
0.0265
0.0283
0.0302
0.0706
0.0325
0.0259
0.0258
0.0286
0.0252
0.0255
0.0250
0.0248
0.0255
0.0254
0.0249
0.0248
0.0249
0.0251
0.0254
0.0250
0.0257
0.0285
0.0247
0.0251
0.0250
0.0269
0.0308
0.0265
0.0732
0.0288
0.0288
0.0260
0.0283
0.0245
0.0253
0.0267
0.0290
0.0268
0.0284
0.0265
0.0279
0.0261
0.0259
0.0253
0.0249
0.0254
0.0294
0.0252
0.0254
0.0250
0.0309
0.0243
0.0244
0.0258
0.0260
0.0268
0.0914
0.0266
0.0264
0.0268
0.0297
0.0263
0.0262
0.0255
0.0306
0.0278
0.0294
0.0271
0.0290
0.0268
0.0291
0.0268
0.0293
0.0266
0.0289
0.0259
0.0288
0.0260
0.0249
0.0257
0.0257
0.0250
0.1046
0.0245
0.0240
0.0268
0.0261
0.0262
0.0279
0.0292
0.1022
0.0315
0.0264
0.0259
0.0270
0.0260
0.0256
0.0272
0.0267
0.0273
0.0263
0.0264
0.0264
0.0266
0.0265
0.0265
0.0932
0.0271
0.0258
0.0267
0.0257
0.0258
0.0263
0.0266
0.0259
0.0255
0.0255
0.0258
0.0266
0.0269
0.0268
0.0269
0.0271
0.0273
0.0268
0.1010
0.0276
0.0264
0.0254
0.0261
0.0248
0.0261
0.0253
0.0256
0.0259
0.0267
0.0277
0.0274
0.0274
0.0260
0.0265
0.0268
0.0895
0.0287
0.0265
0.0266
0.0257
0.0253
0.0263
0.0254
0.0263
0.0270
0.0267
0.0260
0.0256
0.0266
0.0274
0.0262
0.0298
0.0272
0.0274
0.0262
0.0945
0.0277
0.0262
0.0255
0.0271
0.0256
0.0256
0.0912
0.0275
0.0280
0.0287
0.0250
0.0255
0.0254
0.0252
0.0740
0.0292
0.0246
0.0248
0.0248
0.0284
0.0271
0.0252
0.0249
0.0249
0.0261
0.0713
0.0271
0.0276
0.0283
0.0237
0.0249
0.0239
0.0238
0.0895
0.0290
0.0237
0.0239
0.0245
0.0824
0.0263
0.0232
0.0274
0.0244
0.0243
0.0680
0.0298
0.0260
0.0239
0.0242
0.0243
0.0249
0.0663
0.0261
0.0249
0.0290
0.0254
0.0249
0.0256
0.0672
0.0259
0.0250
0.0239
0.0251
0.0242
0.0292
0.0257
0.0261
0.0260
0.0701
0.0270
0.0250
0.0244
0.0263
0.0272
0.0261
0.0249
0.0252
0.0248
0.0251
0.0252
0.0248
0.0249
0.0248
0.0246
0.0258
0.0253
0.0254
0.0253
0.0254
0.0253
0.0254
0.0247
0.0249
0.0251
0.0245
0.0305
0.0264
0.0262
0.0271
0.0664
0.0273
0.0251
0.0256
0.0250
0.0250
0.0244
0.0242
0.0247
0.0245
0.0249
0.0253
0.0254
0.0249
0.0250
0.0252
0.0248
0.0253
0.0248
0.0249
0.0248
0.0247
0.0247
0.0257
0.0301
0.0258
0.0266
0.0257
0.0766
0.0258
0.0247
0.0246
0.0251
0.0248
0.0240
0.0242
0.0247
0.0246
0.0250
0.0247
0.0243
0.0245
0.0251
0.0251
0.0245
0.0260
0.0252
0.0253
0.0251
0.0252
0.0250
0.0256
0.0252
0.0242
0.0248
0.0250
0.0247
0.0248
0.0247
0.0256
0.0251
0.0264
0.0255
0.0249
0.0260
0.0294
0.0264
0.0264
0.0265
0.0497
0.0284
0.0253
0.0250
0.0246
0.0251
0.0244
0.0249
0.0251
0.0258
0.0255
0.0247
0.0247
0.0249
0.0247
0.0250
0.0292
0.0261
0.0254
0.0695
0.0260
0.0244
0.0248
0.0304
0.0252
0.0253
0.0570
0.0259
0.0243
0.0278
0.0247
0.0245
0.0632
0.0271
0.0239
0.0249
0.0265
0.0305
0.0253
0.0588
0.0260
0.0245
0.0246
0.0250
0.0249
0.0248
0.0251
0.0248
0.0253
0.0252
0.0248
0.0259
0.0252
0.0243
0.0244
0.0242
0.0251
0.0245
0.0247
0.0249
0.0246
0.0249
0.0249
0.0250
0.0246
0.0248
0.0245
0.0251
0.0265
0.0301
0.0262
0.0261
0.0252
0.0481
0.0269
0.0252
0.0247
0.0252
0.0245
0.0250
0.0300
0.0264
0.0264
0.0277
0.0616
0.0271
0.0260
0.0261
0.0265
0.0260
0.0259
0.0259
0.0249
0.0241
0.0242
0.0295
0.0259
0.0256
0.0261
0.0249
0.0625
0.0261
0.0254
0.0253
0.0249
0.0257
0.0254
0.0253
0.0254
0.0253
0.0253
0.0256
0.0259
0.0252
0.0242
0.0248
0.0247
0.0246
0.0258
0.0252
0.0255
0.0251
0.0255
0.0260
0.0253
0.0253
0.0253
0.0253
0.0251
0.0249
0.0244
0.0249
0.0250
0.0256
0.0289
0.0243
0.0280
0.0248
0.0247
0.0247
0.0246
0.0572
0.0257
0.0248
0.0278
0.0736
0.0283
0.0243
0.0762
0.0305
0.0258
0.0754
0.0313
0.0257
0.0253
0.0258
0.0248
0.0254
0.0260
0.0615
0.0266
0.0259
0.0307
0.0269
0.0259
0.0259
0.0255
0.0253
0.0258
0.0862
0.0249
0.0254
0.0286
0.0250
0.0246
0.0261
0.0248
0.0742
0.0260
0.0246
0.0242
0.0249
0.0248
0.0292
0.0250
0.0250
0.0243
0.0235
0.0705
0.0242
0.0236
0.0296
0.0262
0.0245
0.0261
0.0260
0.0240
0.0582
0.0257
0.0272
0.0295
0.0262
0.0265
0.0257
0.0459
0.0267
0.0252
0.0259
0.0249
0.0249
0.0255
0.0251
0.0256
0.0259
0.0258
0.0259
0.0260
0.0249
0.0246
0.0240
0.0237
0.0238
0.0237
0.0293
0.0254
0.0248
0.0259
0.0255
0.0259
0.0719
0.0287
0.0262
0.0266
0.0272
0.0313
0.0273
0.0278
0.0274
0.0280
0.0695
0.0265
0.0274
0.0266
0.0267
0.0265
0.0259
0.0267
0.0252
0.0251
0.0253
0.0294
0.0247
0.0246
0.0247
0.0254
0.0817
0.0266
0.0264
0.0265
0.0310
0.0269
0.0271
0.0273
0.0268
0.0269
0.0270
0.0932
0.0281
0.0257
0.0259
0.0263
0.0267
0.0271
0.0308
0.0278
0.0274
0.0279
0.0281
0.0277
0.0275
0.0870
0.0270
0.0266
0.0263
0.0257
0.0261
0.0267
0.0266
0.0265
0.0261
0.0268
0.0265
0.0260
0.0265
0.0266
0.0266
0.0267
0.0262
0.0265
0.0257
0.0260
0.0264
0.0263
0.0266
0.0266
0.0262
0.0258
0.0269
0.0273
0.0262
0.0263
0.0267
0.0261
0.0261
0.0266
0.0259
0.0263
0.0256
0.0249
0.0248
0.0256
0.0260
0.0311
0.0276
0.0269
0.0279
0.0276
0.0275
0.0273
0.0891
0.0283
0.0271
0.0267
0.0266
0.0271
0.0268
0.0269
0.0272
0.0267
0.0268
0.0266
0.0267
0.0260
0.0266
0.0259
0.0265
0.0263
0.0263
0.0257
0.0259
0.0260
0.0264
0.0263
0.0257
0.0260
0.0251
0.0255
0.0254
0.0253
0.0300
0.0260
0.0250
0.0251
0.0247
0.0713
0.0254
0.0248
0.0275
0.0241
0.0236
0.0532
0.0268
0.0228
0.0258
0.0614
0.0296
0.0267
0.0466
0.0283
0.0228
0.0225
0.0402
0.0286
0.0227
0.0225
0.0229
0.0345
0.0235
0.0231
0.0271
0.0226
0.0378
0.0233
0.0219
0.0269
0.0224
0.0343
0.0238
0.0236
0.0271
0.0229
0.0522
0.0252
0.0244
0.0271
0.0222
0.0230
0.0513
0.0228
0.0243
0.0270
0.0229
0.0224
0.0418
0.0228
0.0231
0.0268
0.0239
0.0511
0.0244
0.0235
0.0238
0.0235
0.0231
0.0239
0.0249
0.0290
0.0246
0.0598
0.0247
0.0236
0.0228
0.0235
0.0268
0.0231
0.0231
0.0290
0.0238
0.0231
0.0272
0.0373
0.0236
0.0230
0.0237
0.0228
0.0228
0.0234
0.0233
0.0238
0.0230
0.0233
0.0237
0.0228
0.0231
0.0234
0.0230
0.0227
0.0225
0.0229
0.0232
0.0224
0.0228
0.0232
0.0224
0.0232
0.0228
0.0223
0.0223
0.0226
0.0224
0.0224
0.0228
0.0228
0.0237
0.0284
0.0322
0.0255
0.0231
0.0238
0.0232
0.0229
0.0230
0.0228
0.0227
0.0230
0.0226
0.0233
0.0223
0.0229
0.0227
0.0227
0.0229
0.0230
0.0233
0.0238
0.0233
0.0232
0.0235
0.0232
0.0230
0.0233
0.0231
0.0232
0.0225
0.0230
0.0230
0.0227
0.0233
0.0229
0.0229
0.0235
0.0238
0.0232
0.0233
0.0244
0.0245
0.0286
0.0248
0.0613
0.0253
0.0236
0.0237
0.0229
0.0235
0.0239
0.0237
0.0233
0.0234
0.0235
0.0242
0.0232
0.0239
0.0242
0.0282
0.0239
0.0477
0.0240
0.0233
0.0237
0.0274
0.0237
0.0346
0.0237
0.0230
0.0230
0.0244
0.0284
0.0358
0.0253
0.0238
0.0241
0.0247
0.0235
0.0245
0.0238
0.0240
0.0238
0.0234
0.0254
0.0235
0.0240
0.0238
0.0231
0.0237
0.0235
0.0233
0.0228
0.0228
0.0227
0.0230
0.0240
0.0373
0.0249
0.0241
0.0234
0.0232
0.0224
0.0225
0.0229
0.0230
0.0341
0.0227
0.0220
0.0452
0.0233
0.0222
0.0257
0.0268
0.0227
0.0217
0.0217
0.0217
0.0218
0.0223
0.0354
0.0218
0.0208
0.0214
0.0379
0.0213
0.0206
0.0217
0.0252
0.0223
0.0214
0.0270
0.0207
0.0202
0.0204
0.0214
0.0266
0.0226
0.0208
0.0201
0.0204
0.0211
0.0227
0.0282
0.0217
0.0213
0.0207
0.0214
0.0207
0.0217
0.0209
0.0214
0.0265
0.0213
0.0211
0.0213
0.0227
0.0223
0.0268
0.0211
0.0221
0.0224
0.0270
0.0214
0.0212
0.0219
0.0217
0.0227
0.0292
0.0217
0.0221
0.0215
0.0219
0.0217
0.0217
0.0214
0.0215
0.0222
0.0268
0.0222
0.0225
0.0222
0.0219
0.0224
0.0216
0.0224
0.0246
0.0282
0.0240
0.0238
0.0232
0.0234
0.0230
0.0237
0.0230
0.0230
0.0228
0.0225
0.0231
0.0232
0.0235
0.0227
0.0232
0.0227
0.0227
0.0233
0.0228
0.0232
0.0229
0.0229
0.0225
0.0224
0.0229
0.0250
0.0292
0.0239
0.0240
0.0242
0.0239
0.0233
0.0233
0.0234
0.0236
0.0235
0.0239
0.0234
0.0233
0.0235
0.0226
0.0236
0.0236
0.0243
0.0231
0.0236
0.0241
0.0235
0.0230
0.0239
0.0232
0.0233
0.0255
0.0300
0.0241
0.0234
0.0232
0.0231
0.0235
0.0230
0.0227
0.0234
0.0230
0.0234
0.0241
0.0235
0.0233
0.0234
0.0235
0.0237
0.0232
0.0231
0.0231
0.0232
0.0231
0.0235
0.0230
0.0228
0.0231
0.0255
0.0233
0.0231
0.0232
0.0229
0.0234
0.0245
0.0236
0.0227
0.0230
0.0224
0.0222
0.0226
0.0226
0.0224
0.0227
0.0233
0.0227
0.0232
0.0229
0.0232
0.0234
0.0268
0.0290
0.0256
0.0247
0.0248
0.0247
0.0236
0.0239
0.0239
0.0237
0.0237
0.0236
0.0238
0.0237
0.0244
0.0235
0.0240
0.0242
0.0246
0.0238
0.0239
0.0241
0.0239
0.0234
0.0240
0.0237
0.0238
0.0238
0.0230
0.0241
0.0232
0.0235
0.0240
0.0237
0.0238
0.0237
0.0239
0.0241
0.0242
0.0242
0.0241
0.0232
0.0240
0.0237
0.0237
0.0240
0.0240
0.0238
0.0244
0.0243
0.0240
0.0235
0.0238
0.0246
0.0242
0.0237
0.0238
0.0239
0.0238
0.0239
0.0237
0.0236
0.0235
0.0240
0.0239
0.0232
0.0236
0.0239
0.0234
0.0237
0.0238
0.0230
0.0232
0.0224
0.0229
0.0225
0.0228
0.0233
0.0232
0.0235
0.0235
0.0236
0.0244
0.0239
0.0241
0.0236
0.0238
0.0234
0.0235
0.0235
0.0236
0.0233
0.0238
0.0232
0.0236
0.0235
0.0239
0.0235
0.0241
0.0231
0.0230
0.0233
0.0293
0.0288
0.0243
0.0245
0.0246
0.0248
0.0244
0.0240
0.0243
0.0248
0.0237
0.0241
0.0235
0.0237
0.0240
0.0236
0.0237
0.0237
0.0242
0.0234
0.0231
0.0239
0.0242
0.0237
0.0234
0.0242
0.0241
0.0239
0.0247
0.0239
0.0236
0.0230
0.0231
0.0231
0.0239
0.0236
0.0229
0.0234
0.0234
0.0238
0.0238
0.0231
0.0237
0.0242
0.0236
0.0237
0.0235
0.0231
0.0232
0.0231
0.0234
0.0234
0.0234
0.0235
0.0241
0.0232
0.0236
0.0234
0.0230
0.0227
0.0235
0.0230
0.0261
0.0297
0.0249
0.0246
0.0247
0.0243
0.0236
0.0239
0.0236
0.0239
0.0239
0.0245
0.0240
0.0240
0.0238
0.0236
0.0234
0.0237
0.0241
0.0237
0.0244
0.0236
0.0237
0.0238
0.0236
0.0240
0.0245
0.0238
0.0236
0.0233
0.0240
0.0233
0.0238
0.0242
0.0235
0.0235
0.0235
0.0231
0.0234
0.0232
0.0237
0.0233
0.0232
0.0234
0.0230
0.0237
0.0255
0.0302
0.0236
0.0244
0.0240
0.0247
0.0242
0.0244
0.0237
0.0241
0.0243
0.0237
0.0239
0.0237
0.0239
0.0237
0.0236
0.0241
0.0237
0.0238
0.0238
0.0239
0.0240
0.0240
0.0244
0.0238
0.0235
0.0245
0.0242
0.0239
0.0243
0.0233
0.0236
0.0234
0.0235
0.0240
0.0241
0.0237
0.0239
0.0238
0.0238
0.0233
0.0235
0.0249
0.0240
0.0240
0.0233
0.0234
0.0239
0.0240
0.0236
0.0235
0.0231
0.0236
0.0237
0.0233
0.0233
0.0232
0.0232
0.0235
0.0255
0.0304
0.0243
0.0240
0.0250
0.0241
0.0241
0.0240
0.0236
0.0240
0.0237
0.0238
0.0234
0.0244
0.0239
0.0237
0.0230
0.0232
0.0242
0.0241
0.0236
0.0240
0.0244
0.0234
0.0244
0.0238
0.0235
0.0235
0.0241
0.0239
0.0239
0.0235
0.0237
0.0237
0.0236
0.0231
0.0251
0.0246
0.0238
0.0241
0.0236
0.0235
0.0244
0.0235
0.0235
0.0238
0.0237
0.0242
0.0238
0.0232
0.0236
0.0237
0.0232
0.0229
0.0237
0.0238
0.0235
0.0243
0.0230
0.0229
0.0234
0.0235
0.0233
0.0238
0.0256
0.0297
0.0247
0.0245
0.0248
0.0238
0.0237
0.0235
0.0229
0.0230
0.0231
0.0236
0.0232
0.0230
0.0230
0.0227
0.0236
0.0230
0.0226
0.0233
0.0228
0.0233
0.0226
0.0223
0.0226
0.0236
0.0221
0.0233
0.0230
0.0220
0.0219
0.0227
0.0269
0.0292
0.0242
0.0232
0.0227
0.0222
0.0225
0.0235
0.0232
0.0227
0.0230
0.0235
0.0228
0.0224
0.0227
0.0227
0.0229
0.0226
0.0221
0.0228
0.0236
0.0276
0.0223
0.0223
0.0222
0.0215
0.0225
0.0249
0.0284
0.0231
0.0229
0.0231
0.0233
0.0237
0.0239
0.0294
0.0233
0.0236
0.0227
0.0223
0.0223
0.0223
0.0237
0.0271
0.0231
0.0229
0.0234
0.0225
0.0225
0.0236
0.0241
0.0288
0.0231
0.0234
0.0229
0.0234
0.0225
0.0239
0.0232
0.0228
0.0231
0.0226
0.0228
0.0229
0.0227
0.0230
0.0229
0.0224
0.0224
0.0229
0.0228
0.0225
0.0244
0.0292
0.0249
0.0243
0.0249
0.0237
0.0242
0.0237
0.0234
0.0234
0.0230
0.0233
0.0234
0.0245
0.0233
0.0234
0.0233
0.0237
0.0235
0.0230
0.0234
0.0236
0.0260
0.0302
0.0244
0.0237
0.0239
0.0233
0.0232
0.0227
0.0226
0.0230
0.0233
0.0261
0.0301
0.0243
0.0234
0.0237
0.0236
0.0226
0.0234
0.0241
0.0285
0.0221
0.0222
0.0225
0.0221
0.0224
0.0217
0.0227
0.0225
0.0222
0.0246
0.0280
0.0234
0.0230
0.0224
0.0217
0.0221
0.0279
0.0219
0.0227
0.0220
0.0221
0.0222
0.0226
0.0253
0.0232
0.0241
0.0278
0.0240
0.0237
0.0273
0.0293
0.0244
0.0232
0.0280
0.0373
0.0248
0.0238
0.0247
0.0283
0.0385
0.0248
0.0236
0.0236
0.0239
0.0238
0.0232
0.0236
0.0232
0.0232
0.0244
0.0237
0.0240
0.0233
0.0236
0.0241
0.0248
0.0236
0.0231
0.0229
0.0231
0.0233
0.0275
0.0228
0.0288
0.0234
0.0223
0.0229
0.0238
0.0279
0.0236
0.0326
0.0236
0.0234
0.0226
0.0230
0.0226
0.0238
0.0237
0.0241
0.0283
0.0235
0.0468
0.0246
0.0271
0.0235
0.0239
0.0322
0.0259
0.0255
0.0293
0.0262
0.0334
0.0266
0.0254
0.0252
0.0253
0.0250
0.0252
0.0247
0.0246
0.0244
0.0245
0.0249
0.0244
0.0242
0.0249
0.0249
0.0288
0.0253
0.0477
0.0280
0.0254
0.0298
0.0257
0.0360
0.0279
0.0251
0.0248
0.0240
0.0282
0.0367
0.0299
0.0231
0.0230
0.0354
0.0239
0.0228
0.0279
0.0242
0.0448
0.0240
0.0232
0.0235
0.0288
0.0240
0.0241
0.0563
0.0257
0.0242
0.0272
0.0244
0.0243
0.0250
0.0254
0.0511
0.0259
0.0243
0.0248
0.0241
0.0242
0.0238
0.0240
0.0245
0.0239
0.0228
0.0238
0.0239
0.0233
0.0247
0.0245
0.0275
0.0233
0.0244
0.0556
0.0260
0.0254
0.0242
0.0238
0.0266
0.0237
0.0642
0.0280
0.0234
0.0274
0.0284
0.0405
0.0301
0.0237
0.0247
0.0232
0.0409
0.0237
0.0267
0.0226
0.0484
0.0238
0.0234
0.0245
0.0295
0.0497
0.0262
0.0249
0.0245
0.0248
0.0242
0.0245
0.0229
0.0224
0.0277
0.0279
0.0236
0.0257
0.0403
0.0334
0.0265
0.0265
0.0267
0.0268
0.0253
0.0544
0.0264
0.0247
0.0259
0.0267
0.0301
0.0276
0.0265
0.0263
0.0257
0.0255
0.0256
0.0251
0.1767
0.0317
0.0241
0.0276
0.0290
0.0264
0.0250
0.0264
0.0313
0.0271
0.0282
0.0285
0.0280
0.0276
0.0278
0.0281
0.0282
0.0286
0.1826
0.0320
0.0381
0.0288
0.0288
0.0282
0.0280
0.1978
0.0301
0.0274
0.0285
0.0305
0.0294
0.0281
0.0294
0.0278
0.0292
0.0283
0.0287
0.0286
0.0293
0.0288
0.0288
0.0295
0.0282
0.0289
0.0288
0.0287
0.0285
0.0293
0.0290
0.1623
0.0301
0.0299
0.0281
0.0288
0.0282
0.0280
0.0281
0.0277
0.0280
0.0272
0.0274
0.0268
0.0268
0.0270
0.0268
0.0269
0.0269
0.0273
0.0268
0.0273
0.0278
0.0267
0.0273
0.0272
0.0283
0.0265
0.0266
0.0261
0.0250
0.0251
0.0299
0.0256
0.0263
0.0295
0.1136
0.0267
0.0254
0.0249
0.0251
0.0248
0.0244
0.0252
0.0252
0.0239
0.0238
0.0244
0.0243
0.0251
0.0241
0.0254
0.0255
0.0244
0.1106
0.0256
0.0245
0.0239
0.0238
0.0245
0.0245
0.0243
0.0265
0.0244
0.0247
0.0246
0.0240
0.0247
0.0240
0.0244
0.0245
0.0242
0.0247
0.0237
0.0247
0.0242
0.0246
0.0243
0.0237
0.0243
0.0250
0.0240
0.0244
0.0243
0.0239
0.0246
0.0250
0.0255
0.0294
0.0257
0.0254
0.0260
0.0248
0.0250
0.0245
0.0241
0.0240
0.0249
0.0244
0.0987
0.0246
0.0224
0.0258
0.0258
0.0222
0.0227
0.0426
0.0265
0.0226
0.0226
0.0375
0.0276
0.0238
0.0262
0.0236
0.0306
0.0290
0.0246
0.0277
0.0425
0.0295
0.0239
0.0389
0.0275
0.0242
0.0422
0.0274
0.0240
0.0418
0.0287
0.0239
0.0233
0.0409
0.0245
0.0236
0.0282
0.0242
0.0397
0.0243
0.0229
0.0239
0.0243
0.0236
0.0241
0.0247
0.0278
0.0556
0.0249
0.0253
0.0286
0.0250
0.0383
0.0244
0.0236
0.0276
0.0232
0.0295
0.0282
0.0229
0.0364
0.0274
0.0228
0.0234
0.0442
0.0245
0.0242
0.0288
0.0244
0.0536
0.0249
0.0236
0.0276
0.0244
0.0460
0.0243
0.0232
0.0225
0.0233
0.0238
0.0277
0.0238
0.0322
0.0238
0.0219
0.0224
0.0229
0.0261
0.0427
0.0274
0.0222
0.0235
0.0352
0.0285
0.0235
0.0457
0.0304
0.0238
0.0470
0.0292
0.0261
0.0286
0.0242
0.0503
0.0292
0.0244
0.0247
0.0251
0.0490
0.0296
0.0283
0.0251
0.0248
0.0686
0.0259
0.0245
0.0253
0.0293
0.0244
0.0233
0.0243
0.0618
0.0253
0.0262
0.0233
0.0225
0.0232
0.0537
0.0276
0.0224
0.0229
0.0231
0.0558
0.0238
0.0235
0.0274
0.0231
0.0230
0.0643
0.0246
0.0246
0.0286
0.0256
0.0686
0.0264
0.0249
0.0295
0.0259
0.0257
0.0698
0.0276
0.0252
0.0253
0.0248
0.0254
0.0256
0.0249
0.0263
0.0254
0.0248
0.0253
0.0254
0.0253
0.0249
0.0245
0.0250
0.0249
0.0254
0.0249
0.0257
0.0259
0.0302
0.0270
0.0265
0.0263
0.0588
0.0285
0.0253
0.0256
0.0256
0.0257
0.0253
0.0255
0.0254
0.0251
0.0254
0.0254
0.0253
0.0254
0.0253
0.0253
0.0259
0.0257
0.0266
