##[Gaussian Mapper]Iteration 6981 keyframe id, used times, remaining times:
0 117 1
1 117 1
2 117 1
3 117 1
4 117 1
5 117 1
6 117 1
7 117 1
8 117 1
9 117 1
10 116 1
11 113 1
12 105 1
13 103 1
14 101 1
15 99 1
16 98 1
17 97 1
18 96 1
19 96 1
20 95 1
21 94 1
22 93 1
23 85 1
24 78 1
25 78 1
26 76 1
27 76 1
28 75 1
29 73 1
30 72 1
31 71 1
32 70 1
33 69 1
34 68 1
35 66 1
36 65 1
37 63 1
38 60 1
39 57 1
40 54 1
41 53 1
42 52 1
43 52 1
44 51 1
45 51 1
46 50 1
47 50 1
48 49 1
49 48 1
50 48 1
51 46 1
52 45 1
53 43 1
54 42 1
55 42 1
56 42 1
57 41 1
58 40 1
59 40 1
60 39 1
61 39 1
62 39 0
63 38 1
64 37 1
65 37 1
66 37 1
67 37 1
68 37 1
69 37 1
70 36 1
71 35 1
72 34 1
73 33 1
74 32 1
75 32 1
76 32 1
77 32 1
78 31 1
79 30 1
80 30 1
81 29 1
82 29 1
83 29 1
84 28 1
85 28 1
86 28 1
87 28 1
88 27 1
89 27 1
90 27 1
91 26 1
92 26 1
93 26 1
94 25 1
95 25 1
96 24 1
97 23 1
98 23 1
99 23 1
100 23 1
101 23 1
102 23 1
103 23 1
104 23 1
105 22 1
106 22 1
107 22 1
108 22 1
109 22 1
110 22 1
111 22 1
112 22 1
113 22 1
114 21 1
115 20 1
116 19 1
117 19 1
118 19 1
119 19 1
120 19 1
121 19 1
122 19 1
123 18 1
124 18 1
125 18 1
126 18 1
127 18 1
128 18 1
129 18 1
130 18 1
131 18 1
132 18 1
133 17 1
134 17 1
135 17 1
136 16 1
137 15 1
138 13 1
139 12 1
140 11 1
141 10 1
142 9 1
143 9 1
144 8 1
145 8 1
146 8 1
147 8 1
148 8 1
149 8 1
150 7 1
151 7 1
152 7 1
153 7 1
154 7 1
155 7 1
156 7 1
157 7 1
158 6 1
159 6 1
160 6 1
161 6 1
162 6 1
163 6 1
164 6 1
165 5 1
166 5 1
167 5 1
168 5 1
169 6 0
170 5 1
171 5 1
172 5 1
173 5 1
174 5 1
175 5 1
176 5 1
177 5 1
178 5 1
179 5 1
180 4 1
181 4 1
182 4 1
183 4 1
184 4 1
185 4 1
186 4 1
187 4 1
188 3 1
189 3 1
190 2 1
191 2 1
192 2 1
193 2 1
194 2 1
195 2 1
196 2 1
197 2 1
198 2 1
199 2 1
200 2 1
201 2 1
202 3 0
203 2 1
204 2 1
205 2 1
206 2 1
207 2 1
208 2 1
209 1 1
210 1 1
211 1 1
212 1 1
213 1 1
214 1 1
215 1 1
216 1 1
217 1 1
218 1 1
219 1 1
220 1 1
221 1 1
222 1 1
223 1 1
224 1 1
225 1 1
##=========================================
